<?xml version="1.0" encoding="utf-8"?>
<COLLADA xmlns="http://www.collada.org/2005/11/COLLADASchema" version="1.4.1">
  <asset>
    <contributor>
      <author>Mixamo</author>
      <authoring_tool>COLLADA Mixamo exporter</authoring_tool>
      <comments/>
    </contributor>
    <created>2025-02-10T15:54:24Z</created>
    <modified>2025-02-10T15:54:24Z</modified>
    <revision/>
    <title/>
    <unit meter="0.010000"/>
    <up_axis>Y_UP</up_axis>
  </asset>
  <library_animations>
    <animation id="mixamorig_Hips-anim" name="mixamorig_Hips">
      <source id="mixamorig_Hips-Matrix-animation-input">
        <float_array id="mixamorig_Hips-Matrix-animation-input-array" count="457">

0.000000 0.033333 0.066667 0.100000 0.133333 0.166667 0.200000 0.233333 0.266667 0.300000 0.333333 0.366667 0.400000 0.433333 0.466667 0.500000
0.533333 0.566667 0.600000 0.633333 0.666667 0.700000 0.733333 0.766667 0.800000 0.833333 0.866667 0.900000 0.933333 0.966667 1.000000 1.033333
1.066667 1.100000 1.133333 1.166667 1.200000 1.233333 1.266667 1.300000 1.333333 1.366667 1.400000 1.433333 1.466667 1.500000 1.533333 1.566667
1.600000 1.633333 1.666667 1.700000 1.733333 1.766667 1.800000 1.833333 1.866667 1.900000 1.933333 1.966667 2.000000 2.033333 2.066667 2.100000
2.133333 2.166667 2.200000 2.233333 2.266667 2.300000 2.333333 2.366667 2.400000 2.433333 2.466667 2.500000 2.533333 2.566667 2.600000 2.633333
2.666667 2.700000 2.733333 2.766667 2.800000 2.833333 2.866667 2.900000 2.933333 2.966667 3.000000 3.033333 3.066667 3.100000 3.133333 3.166667
3.200000 3.233333 3.266667 3.300000 3.333333 3.366667 3.400000 3.433333 3.466667 3.500000 3.533333 3.566667 3.600000 3.633333 3.666667 3.700000
3.733333 3.766667 3.800000 3.833333 3.866667 3.900000 3.933333 3.966667 4.000000 4.033333 4.066667 4.100000 4.133333 4.166667 4.200000 4.233333
4.266667 4.300000 4.333333 4.366667 4.400000 4.433333 4.466667 4.500000 4.533333 4.566667 4.600000 4.633333 4.666667 4.700000 4.733333 4.766667
4.800000 4.833333 4.866667 4.900000 4.933333 4.966667 5.000000 5.033333 5.066667 5.100000 5.133333 5.166667 5.200000 5.233333 5.266667 5.300000
5.333333 5.366667 5.400000 5.433333 5.466667 5.500000 5.533333 5.566667 5.600000 5.633333 5.666667 5.700000 5.733333 5.766667 5.800000 5.833333
5.866667 5.900000 5.933333 5.966667 6.000000 6.033333 6.066667 6.100000 6.133333 6.166667 6.200000 6.233333 6.266667 6.300000 6.333333 6.366667
6.400000 6.433333 6.466667 6.500000 6.533333 6.566667 6.600000 6.633333 6.666667 6.700000 6.733333 6.766667 6.800000 6.833333 6.866667 6.900000
6.933333 6.966667 7.000000 7.033333 7.066667 7.100000 7.133333 7.166667 7.200000 7.233333 7.266667 7.300000 7.333333 7.366667 7.400000 7.433333
7.466667 7.500000 7.533333 7.566667 7.600000 7.633333 7.666667 7.700000 7.733333 7.766667 7.800000 7.833333 7.866667 7.900000 7.933333 7.966667
8.000000 8.033333 8.066667 8.100000 8.133333 8.166667 8.200000 8.233333 8.266667 8.300000 8.333333 8.366667 8.400000 8.433333 8.466667 8.500000
8.533333 8.566667 8.600000 8.633333 8.666667 8.700000 8.733333 8.766667 8.800000 8.833333 8.866667 8.900000 8.933333 8.966667 9.000000 9.033333
9.066667 9.100000 9.133333 9.166667 9.200000 9.233333 9.266667 9.300000 9.333333 9.366667 9.400000 9.433333 9.466667 9.500000 9.533333 9.566667
9.600000 9.633333 9.666667 9.700000 9.733333 9.766667 9.800000 9.833333 9.866667 9.900000 9.933333 9.966667 10.000000 10.033333 10.066667 10.100000
10.133333 10.166667 10.200000 10.233333 10.266667 10.300000 10.333333 10.366667 10.400000 10.433333 10.466667 10.500000 10.533333 10.566667 10.600000 10.633333
10.666667 10.700000 10.733333 10.766667 10.800000 10.833333 10.866667 10.900000 10.933333 10.966667 11.000000 11.033333 11.066667 11.100000 11.133333 11.166667
11.200000 11.233333 11.266667 11.300000 11.333333 11.366667 11.400000 11.433333 11.466667 11.500000 11.533333 11.566667 11.600000 11.633333 11.666667 11.700000
11.733333 11.766667 11.800000 11.833333 11.866667 11.900000 11.933333 11.966667 12.000000 12.033333 12.066667 12.100000 12.133333 12.166667 12.200000 12.233333
12.266667 12.300000 12.333333 12.366667 12.400000 12.433333 12.466667 12.500000 12.533333 12.566667 12.600000 12.633333 12.666667 12.700000 12.733333 12.766667
12.800000 12.833333 12.866667 12.900000 12.933333 12.966667 13.000000 13.033333 13.066667 13.100000 13.133333 13.166667 13.200000 13.233333 13.266667 13.300000
13.333333 13.366667 13.400000 13.433333 13.466667 13.500000 13.533333 13.566667 13.600000 13.633333 13.666667 13.700000 13.733333 13.766667 13.800000 13.833333
13.866667 13.900000 13.933333 13.966667 14.000000 14.033333 14.066667 14.100000 14.133333 14.166667 14.200000 14.233333 14.266667 14.300000 14.333333 14.366667
14.400000 14.433333 14.466667 14.500000 14.533333 14.566667 14.600000 14.633333 14.666667 14.700000 14.733333 14.766667 14.800000 14.833333 14.866667 14.900000
14.933333 14.966667 15.000000 15.033333 15.066667 15.100000 15.133333 15.166667 15.200000</float_array>
        <technique_common>
          <accessor source="#mixamorig_Hips-Matrix-animation-input-array" count="457">
            <param name="TIME" type="float"/>
          </accessor>
        </technique_common>
      </source>
      <source id="mixamorig_Hips-Matrix-animation-output-transform">
        <float_array id="mixamorig_Hips-Matrix-animation-output-transform-array" count="7312">

0.995652 0.091985 -0.014664 0.336292 -0.086913 0.974064 0.208914 107.673904 0.033500 -0.206731 0.977824 -0.149638 0.000000 0.000000 0.000000 1.000000
0.991873 0.102054 -0.075983 0.986498 -0.089182 0.983581 0.156890 108.839569 0.090746 -0.148839 0.984689 -0.233330 0.000000 0.000000 0.000000 1.000000
0.983864 0.110025 -0.141091 1.826929 -0.095624 0.989854 0.105094 109.678375 0.151223 -0.089906 0.984403 -0.533605 0.000000 0.000000 0.000000 1.000000
0.971764 0.111498 -0.207950 2.785975 -0.101884 0.993195 0.056417 109.930367 0.212825 -0.033637 0.976511 -1.112133 0.000000 0.000000 0.000000 1.000000
0.956398 0.108298 -0.271247 3.855800 -0.107026 0.994065 0.019524 109.611755 0.271751 0.010357 0.962312 -1.915704 0.000000 0.000000 0.000000 1.000000
0.939756 0.111489 -0.323156 5.058951 -0.115287 0.993304 0.007430 109.016937 0.321821 0.030274 0.946317 -2.796446 0.000000 0.000000 0.000000 1.000000
0.925406 0.123873 -0.358162 6.387923 -0.125946 0.991880 0.017635 108.371056 0.357438 0.028789 0.933493 -3.433525 0.000000 0.000000 0.000000 1.000000
0.916361 0.137655 -0.375944 7.729407 -0.132952 0.990372 0.038563 107.790779 0.377633 0.014645 0.925840 -3.540899 0.000000 0.000000 0.000000 1.000000
0.910654 0.150999 -0.384588 9.052367 -0.134412 0.988462 0.069825 107.288467 0.390694 -0.011893 0.920444 -3.182901 0.000000 0.000000 0.000000 1.000000
0.903429 0.166057 -0.395272 10.430755 -0.133796 0.985101 0.108046 106.643448 0.407325 -0.044726 0.912187 -2.507772 0.000000 0.000000 0.000000 1.000000
0.891847 0.181407 -0.414367 11.789383 -0.130820 0.980353 0.147628 105.772881 0.433007 -0.077454 0.898057 -1.666076 0.000000 0.000000 0.000000 1.000000
0.878728 0.197497 -0.434548 13.021453 -0.126654 0.974226 0.186659 105.215271 0.460213 -0.108985 0.881094 -0.938782 0.000000 0.000000 0.000000 1.000000
0.873838 0.206782 -0.440054 14.064258 -0.124799 0.970125 0.208043 105.149879 0.469927 -0.126877 0.873539 -0.437304 0.000000 0.000000 0.000000 1.000000
0.884971 0.200042 -0.420488 14.861393 -0.124650 0.971835 0.199998 105.281082 0.448653 -0.124579 0.884981 -0.171074 0.000000 0.000000 0.000000 1.000000
0.908874 0.186330 -0.373135 15.413644 -0.127478 0.975948 0.176846 105.658684 0.397112 -0.113164 0.910767 -0.181837 0.000000 0.000000 0.000000 1.000000
0.936666 0.168009 -0.307296 15.732793 -0.127797 0.980884 0.146744 106.589172 0.326076 -0.098178 0.940232 -0.542193 0.000000 0.000000 0.000000 1.000000
0.961944 0.136666 -0.236615 15.788388 -0.116749 0.988482 0.096299 107.872711 0.247051 -0.065009 0.966819 -1.048769 0.000000 0.000000 0.000000 1.000000
0.982211 0.097718 -0.160353 15.631805 -0.094519 0.995144 0.027473 108.958565 0.162259 -0.011828 0.986677 -1.491626 0.000000 0.000000 0.000000 1.000000
0.994939 0.064869 -0.076732 15.368705 -0.067632 0.997132 -0.033976 109.667343 0.074308 0.038994 0.996473 -1.909985 0.000000 0.000000 0.000000 1.000000
0.999265 0.037850 0.005998 15.089673 -0.037342 0.996872 -0.069660 109.966545 -0.008616 0.069384 0.997553 -2.422647 0.000000 0.000000 0.000000 1.000000
0.996755 0.010072 0.079860 14.765978 -0.003942 0.997059 -0.076540 109.822693 -0.080396 0.075977 0.993863 -3.106035 0.000000 0.000000 0.000000 1.000000
0.990419 -0.020230 0.136604 14.147855 0.028725 0.997754 -0.060511 109.149002 -0.135073 0.063855 0.988776 -3.745503 0.000000 0.000000 0.000000 1.000000
0.983468 -0.052456 0.173317 13.202815 0.058512 0.997835 -0.030017 108.135124 -0.171368 0.039662 0.984408 -4.146990 0.000000 0.000000 0.000000 1.000000
0.976337 -0.084907 0.198889 12.094720 0.085260 0.996335 0.006802 106.892059 -0.198738 0.010316 0.979998 -4.187618 0.000000 0.000000 0.000000 1.000000
0.968083 -0.104906 0.227619 10.981140 0.095817 0.994109 0.050653 105.357262 -0.231592 -0.027227 0.972432 -3.940002 0.000000 0.000000 0.000000 1.000000
0.959482 -0.110285 0.259289 9.910980 0.084247 0.990410 0.109504 103.633766 -0.268879 -0.083222 0.959572 -3.594252 0.000000 0.000000 0.000000 1.000000
0.951741 -0.111432 0.285958 8.857620 0.061481 0.982094 0.178079 102.179070 -0.300681 -0.151904 0.941550 -3.143148 0.000000 0.000000 0.000000 1.000000
0.944088 -0.116020 0.308606 7.662694 0.039808 0.969302 0.242628 101.196114 -0.327282 -0.216777 0.919725 -2.618862 0.000000 0.000000 0.000000 1.000000
0.937001 -0.116939 0.329173 6.253638 0.015493 0.955289 0.295266 100.612305 -0.348984 -0.271565 0.896918 -2.215601 0.000000 0.000000 0.000000 1.000000
0.932540 -0.106631 0.344963 4.892733 -0.012327 0.945438 0.325568 100.279015 -0.360857 -0.307857 0.880344 -2.025967 0.000000 0.000000 0.000000 1.000000
0.931224 -0.091702 0.352723 3.776951 -0.032953 0.942676 0.332079 100.343887 -0.362955 -0.320863 0.874820 -2.055540 0.000000 0.000000 0.000000 1.000000
0.932943 -0.082189 0.350516 2.780082 -0.039838 0.944048 0.327394 100.901619 -0.357812 -0.319404 0.877469 -2.317842 0.000000 0.000000 0.000000 1.000000
0.940224 -0.070067 0.333271 1.904325 -0.040494 0.948662 0.313689 101.795357 -0.338141 -0.308434 0.889117 -2.976864 0.000000 0.000000 0.000000 1.000000
0.954098 -0.046625 0.295842 1.395346 -0.039295 0.959780 0.277990 102.948517 -0.296904 -0.276855 0.913892 -3.891755 0.000000 0.000000 0.000000 1.000000
0.970247 -0.016869 0.241529 1.341970 -0.037439 0.975118 0.218503 104.366272 -0.239206 -0.221044 0.945474 -4.700309 0.000000 0.000000 0.000000 1.000000
0.984112 0.013127 0.177064 1.686821 -0.039460 0.988493 0.146032 105.866478 -0.173109 -0.150699 0.973305 -5.308700 0.000000 0.000000 0.000000 1.000000
0.993540 0.040137 0.106151 2.250780 -0.047602 0.996498 0.068748 107.209274 -0.103020 -0.073356 0.991971 -5.872365 0.000000 0.000000 0.000000 1.000000
0.997741 0.060696 0.028783 2.908751 -0.060473 0.998133 -0.008549 108.171051 -0.029248 0.006789 0.999549 -6.340256 0.000000 0.000000 0.000000 1.000000
0.995905 0.073726 -0.052324 3.628449 -0.077461 0.994293 -0.073361 108.705215 0.046616 0.077114 0.995932 -6.692616 0.000000 0.000000 0.000000 1.000000
0.988092 0.083889 -0.128986 4.476810 -0.098524 0.988856 -0.111612 108.791405 0.118186 0.122992 0.985345 -6.962576 0.000000 0.000000 0.000000 1.000000
0.974952 0.097866 -0.199725 5.525591 -0.122484 0.985802 -0.114860 108.376030 0.185648 0.136446 0.973097 -7.131010 0.000000 0.000000 0.000000 1.000000
0.956622 0.115983 -0.267249 6.779450 -0.142678 0.986310 -0.082671 107.600403 0.254002 0.117216 0.960075 -7.074332 0.000000 0.000000 0.000000 1.000000
0.932433 0.141160 -0.332631 8.297826 -0.158518 0.987027 -0.025490 106.515274 0.324718 0.076495 0.942713 -6.571035 0.000000 0.000000 0.000000 1.000000
0.898661 0.175725 -0.401906 9.987142 -0.172963 0.983968 0.043473 105.293678 0.403102 0.030447 0.914648 -5.522936 0.000000 0.000000 0.000000 1.000000
0.853242 0.212355 -0.476324 11.725902 -0.178839 0.977104 0.115258 104.090691 0.489893 -0.013158 0.871683 -4.162719 0.000000 0.000000 0.000000 1.000000
0.801573 0.241869 -0.546790 13.336482 -0.168273 0.968818 0.181869 103.291519 0.573729 -0.053771 0.817279 -2.826129 0.000000 0.000000 0.000000 1.000000
0.752208 0.261278 -0.604910 14.685263 -0.147974 0.961559 0.231318 102.888962 0.642095 -0.084488 0.761955 -1.515350 0.000000 0.000000 0.000000 1.000000
0.711443 0.270903 -0.648429 15.832383 -0.121776 0.956276 0.265907 102.850960 0.692112 -0.110214 0.713326 -0.316490 0.000000 0.000000 0.000000 1.000000
0.687584 0.278666 -0.670502 16.939545 -0.096035 0.950213 0.296434 103.209709 0.719726 -0.139431 0.680113 0.643108 0.000000 0.000000 0.000000 1.000000
0.689717 0.281431 -0.667149 17.942352 -0.078691 0.945052 0.317309 103.939987 0.719791 -0.166355 0.673964 1.288968 0.000000 0.000000 0.000000 1.000000
0.718520 0.266375 -0.642474 18.678362 -0.069697 0.946677 0.314554 104.926949 0.692005 -0.181235 0.698772 1.573704 0.000000 0.000000 0.000000 1.000000
0.766985 0.232643 -0.598006 19.111750 -0.066155 0.955663 0.286934 105.977188 0.638246 -0.180513 0.748370 1.514591 0.000000 0.000000 0.000000 1.000000
0.822980 0.189809 -0.535421 19.280497 -0.064884 0.967767 0.243346 107.051407 0.564353 -0.165528 0.808769 1.108550 0.000000 0.000000 0.000000 1.000000
0.878088 0.142426 -0.456811 19.250805 -0.060662 0.980107 0.188974 108.185265 0.474638 -0.138225 0.869260 0.461413 0.000000 0.000000 0.000000 1.000000
0.927351 0.094135 -0.362159 19.064535 -0.053516 0.991255 0.120620 109.215416 0.370347 -0.092476 0.924279 -0.275012 0.000000 0.000000 0.000000 1.000000
0.965314 0.054948 -0.255246 18.692642 -0.044452 0.997919 0.046716 110.046005 0.257281 -0.033749 0.965747 -1.098041 0.000000 0.000000 0.000000 1.000000
0.988718 0.028315 -0.147091 18.031637 -0.030143 0.999493 -0.010214 110.507957 0.146727 0.014533 0.989070 -1.978170 0.000000 0.000000 0.000000 1.000000
0.998738 0.009697 -0.049280 17.196001 -0.011653 0.999149 -0.039560 110.619644 0.048854 0.040085 0.998001 -3.036311 0.000000 0.000000 0.000000 1.000000
0.999454 -0.005241 0.032634 16.109112 0.006902 0.998675 -0.050998 110.225464 -0.032324 0.051196 0.998165 -4.134326 0.000000 0.000000 0.000000 1.000000
0.995435 -0.018306 0.093673 14.569502 0.022783 0.998637 -0.046948 109.344376 -0.092686 0.048868 0.994495 -4.975352 0.000000 0.000000 0.000000 1.000000
0.991062 -0.033159 0.129212 12.639114 0.036462 0.999064 -0.023276 108.291710 -0.128319 0.027779 0.991344 -5.488115 0.000000 0.000000 0.000000 1.000000
0.988726 -0.048895 0.141530 10.571429 0.046811 0.998741 0.018021 107.210838 -0.142233 -0.011193 0.989770 -5.855515 0.000000 0.000000 0.000000 1.000000
0.988801 -0.052132 0.139836 8.694933 0.042240 0.996452 0.072799 106.087433 -0.143135 -0.066077 0.987495 -6.021844 0.000000 0.000000 0.000000 1.000000
0.990290 -0.039715 0.133225 7.095600 0.021921 0.990945 0.132464 105.016891 -0.137279 -0.128258 0.982194 -5.826918 0.000000 0.000000 0.000000 1.000000
0.991231 -0.032831 0.127996 5.521156 0.008643 0.982677 0.185126 104.126259 -0.131856 -0.182396 0.974344 -5.428064 0.000000 0.000000 0.000000 1.000000
0.990015 -0.038862 0.135500 3.939287 0.006192 0.972308 0.233622 103.457954 -0.140826 -0.230451 0.962840 -5.090407 0.000000 0.000000 0.000000 1.000000
0.985373 -0.044747 0.164430 2.660762 -0.003331 0.959666 0.281123 102.925507 -0.170377 -0.277559 0.945480 -4.933831 0.000000 0.000000 0.000000 1.000000
0.979215 -0.046015 0.197538 1.788202 -0.018464 0.949658 0.312745 102.527695 -0.201985 -0.309892 0.929069 -4.916261 0.000000 0.000000 0.000000 1.000000
0.977848 -0.046796 0.204018 1.118062 -0.021474 0.947119 0.320163 102.493599 -0.208212 -0.317452 0.925134 -4.973791 0.000000 0.000000 0.000000 1.000000
0.982579 -0.047997 0.179538 0.636645 -0.010943 0.949454 0.313715 102.947304 -0.185520 -0.310214 0.932389 -5.145218 0.000000 0.000000 0.000000 1.000000
0.988406 -0.045673 0.144799 0.536171 0.000436 0.954532 0.298110 103.807007 -0.151831 -0.294590 0.943485 -5.426958 0.000000 0.000000 0.000000 1.000000
0.992931 -0.037759 0.112523 0.817175 0.007186 0.965431 0.260561 104.941750 -0.118471 -0.257910 0.958878 -5.671388 0.000000 0.000000 0.000000 1.000000
0.996182 -0.026646 0.083138 1.323887 0.009788 0.980369 0.196927 106.157379 -0.086753 -0.195362 0.976887 -5.888303 0.000000 0.000000 0.000000 1.000000
0.998388 -0.016906 0.054187 1.986603 0.010038 0.992157 0.124594 107.256599 -0.055869 -0.123849 0.990727 -6.256271 0.000000 0.000000 0.000000 1.000000
0.999756 -0.007626 0.020710 2.824205 0.006545 0.998636 0.051798 108.041779 -0.021077 -0.051650 0.998443 -6.836287 0.000000 0.000000 0.000000 1.000000
0.999803 0.003789 -0.019479 3.842146 -0.004326 0.999610 -0.027585 108.311218 0.019367 0.027664 0.999430 -7.511023 0.000000 0.000000 0.000000 1.000000
0.997997 0.015349 -0.061368 5.030419 -0.021742 0.994244 -0.104910 107.945442 0.059405 0.106034 0.992586 -8.138034 0.000000 0.000000 0.000000 1.000000
0.994899 0.024961 -0.097737 6.430843 -0.040270 0.986625 -0.157952 107.009621 0.092487 0.161082 0.982598 -8.648201 0.000000 0.000000 0.000000 1.000000
0.991737 0.035340 -0.123321 8.024308 -0.056296 0.983691 -0.170832 105.553947 0.115273 0.176363 0.977552 -9.127370 0.000000 0.000000 0.000000 1.000000
0.989956 0.042222 -0.134923 9.676418 -0.061458 0.987992 -0.141755 103.551201 0.127318 0.148624 0.980664 -9.515164 0.000000 0.000000 0.000000 1.000000
0.989730 0.045146 -0.135633 11.382754 -0.056410 0.995166 -0.080388 101.164719 0.131348 0.087213 0.987493 -9.420724 0.000000 0.000000 0.000000 1.000000
0.989172 0.047805 -0.138757 13.083579 -0.049391 0.998747 -0.008009 98.838905 0.138201 0.014775 0.990294 -8.643448 0.000000 0.000000 0.000000 1.000000
0.986013 0.057547 -0.156417 14.718539 -0.048351 0.996906 0.061976 96.586067 0.159499 -0.053547 0.985745 -7.404985 0.000000 0.000000 0.000000 1.000000
0.980700 0.067054 -0.183658 16.144266 -0.042409 0.989942 0.134970 94.803719 0.190861 -0.124576 0.973680 -6.087418 0.000000 0.000000 0.000000 1.000000
0.974788 0.073090 -0.210823 17.352819 -0.026274 0.975855 0.216833 93.856628 0.221581 -0.205827 0.953172 -4.912780 0.000000 0.000000 0.000000 1.000000
0.970019 0.080943 -0.229152 18.405745 -0.010941 0.956494 0.291545 93.623947 0.242781 -0.280297 0.928704 -3.929161 0.000000 0.000000 0.000000 1.000000
0.969073 0.086806 -0.231001 19.291151 -0.002868 0.939986 0.341200 94.096169 0.246756 -0.329985 0.911165 -3.154902 0.000000 0.000000 0.000000 1.000000
0.972185 0.089729 -0.216345 19.993126 -0.004376 0.930502 0.366261 95.251228 0.234174 -0.355127 0.905012 -2.597193 0.000000 0.000000 0.000000 1.000000
0.976517 0.095928 -0.192905 20.501562 -0.018948 0.930170 0.366639 96.855484 0.214605 -0.354374 0.910145 -2.378153 0.000000 0.000000 0.000000 1.000000
0.980240 0.101683 -0.169677 20.659351 -0.039176 0.940569 0.337335 98.731598 0.193895 -0.324022 0.925967 -2.568474 0.000000 0.000000 0.000000 1.000000
0.984826 0.097962 -0.143253 20.358307 -0.052966 0.955730 0.289438 100.857796 0.165265 -0.277458 0.946417 -3.142392 0.000000 0.000000 0.000000 1.000000
0.991131 0.083729 -0.103191 19.675436 -0.057977 0.971186 0.231162 102.974686 0.119573 -0.223129 0.967427 -4.096632 0.000000 0.000000 0.000000 1.000000
0.997191 0.059058 -0.046062 18.640278 -0.051370 0.986861 0.153186 104.595505 0.054503 -0.150390 0.987123 -5.338939 0.000000 0.000000 0.000000 1.000000
0.999274 0.026523 0.027346 17.330729 -0.027870 0.998355 0.050111 105.470062 -0.025972 -0.050837 0.998369 -6.683266 0.000000 0.000000 0.000000 1.000000
0.994179 -0.005405 0.107601 15.859089 0.012324 0.997890 -0.063741 105.531616 -0.107029 0.064696 0.992149 -7.867795 0.000000 0.000000 0.000000 1.000000
0.982269 -0.040890 0.182963 14.079494 0.069823 0.985505 -0.154613 104.843613 -0.173989 0.164646 0.970886 -8.673049 0.000000 0.000000 0.000000 1.000000
0.965753 -0.083884 0.245529 12.009949 0.134564 0.971015 -0.197543 103.477333 -0.221841 0.223817 0.949048 -9.208581 0.000000 0.000000 0.000000 1.000000
0.949853 -0.123562 0.287247 9.943542 0.183943 0.963657 -0.193727 101.338470 -0.252871 0.236849 0.938061 -9.550024 0.000000 0.000000 0.000000 1.000000
0.942946 -0.151161 0.296654 8.203638 0.199905 0.969563 -0.141373 98.307503 -0.266255 0.192610 0.944463 -9.887544 0.000000 0.000000 0.000000 1.000000
0.947593 -0.168215 0.271608 6.818439 0.184799 0.982099 -0.036489 94.795059 -0.260608 0.084769 0.961716 -10.277396 0.000000 0.000000 0.000000 1.000000
0.956158 -0.176828 0.233439 5.639723 0.162007 0.983429 0.081365 91.537521 -0.243959 -0.039979 0.968961 -10.104367 0.000000 0.000000 0.000000 1.000000
0.964750 -0.170059 0.200841 4.716123 0.139220 0.977433 0.158878 88.946991 -0.223328 -0.125317 0.966654 -9.248926 0.000000 0.000000 0.000000 1.000000
0.972794 -0.149946 0.176599 4.012768 0.113986 0.973425 0.198623 87.227188 -0.201688 -0.173090 0.964034 -8.200096 0.000000 0.000000 0.000000 1.000000
0.979503 -0.129570 0.154223 3.313804 0.091296 0.968067 0.233477 86.565384 -0.179549 -0.214612 0.960054 -7.323541 0.000000 0.000000 0.000000 1.000000
0.984469 -0.116988 0.130899 2.628720 0.079345 0.961615 0.262680 86.937836 -0.156605 -0.248214 0.955963 -6.616019 0.000000 0.000000 0.000000 1.000000
0.988352 -0.107703 0.107521 2.096375 0.074767 0.959004 0.273351 88.166367 -0.132554 -0.262128 0.955886 -6.103426 0.000000 0.000000 0.000000 1.000000
0.991136 -0.099004 0.088591 1.813366 0.072498 0.961848 0.263804 90.041138 -0.111329 -0.255042 0.960499 -5.827722 0.000000 0.000000 0.000000 1.000000
0.992388 -0.095238 0.078073 1.816881 0.074548 0.969203 0.234710 92.262764 -0.098021 -0.227104 0.968925 -5.747691 0.000000 0.000000 0.000000 1.000000
0.993222 -0.091788 0.071304 2.241711 0.076442 0.977989 0.194148 94.567711 -0.087555 -0.187381 0.978377 -5.774884 0.000000 0.000000 0.000000 1.000000
0.995462 -0.077706 0.054920 3.058473 0.068952 0.986814 0.146435 96.870369 -0.065575 -0.141984 0.987695 -5.854486 0.000000 0.000000 0.000000 1.000000
0.998515 -0.051078 0.018934 4.100748 0.049274 0.995085 0.085901 98.778603 -0.023228 -0.084840 0.996124 -5.891162 0.000000 0.000000 0.000000 1.000000
0.999302 -0.019148 -0.032091 5.214287 0.019626 0.999700 0.014646 99.999649 0.031801 -0.015266 0.999378 -5.905984 0.000000 0.000000 0.000000 1.000000
0.996358 0.011987 -0.084416 6.325605 -0.016876 0.998207 -0.057434 100.363754 0.083576 0.058650 0.994774 -5.922254 0.000000 0.000000 0.000000 1.000000
0.991375 0.039375 -0.124997 7.396980 -0.054315 0.991472 -0.118464 99.886345 0.119267 0.124231 0.985059 -5.964513 0.000000 0.000000 0.000000 1.000000
0.986537 0.065626 -0.149790 8.493666 -0.088913 0.983985 -0.154491 98.374680 0.137253 0.165730 0.976573 -6.184238 0.000000 0.000000 0.000000 1.000000
0.982002 0.093719 -0.163979 9.524854 -0.119441 0.980702 -0.154782 95.922974 0.146308 0.171582 0.974245 -6.734552 0.000000 0.000000 0.000000 1.000000
0.977161 0.120249 -0.175207 10.423953 -0.142195 0.982709 -0.118589 92.940811 0.157917 0.140794 0.977363 -7.394752 0.000000 0.000000 0.000000 1.000000
0.971715 0.142545 -0.188285 11.242611 -0.156713 0.985660 -0.062564 89.825638 0.176667 0.090302 0.980120 -7.744748 0.000000 0.000000 0.000000 1.000000
0.966971 0.154495 -0.202727 11.895186 -0.158011 0.987437 -0.001174 87.147949 0.199999 0.033168 0.979235 -7.630577 0.000000 0.000000 0.000000 1.000000
0.965698 0.146118 -0.214657 12.320913 -0.134384 0.988569 0.068358 85.269264 0.222191 -0.037167 0.974294 -7.234617 0.000000 0.000000 0.000000 1.000000
0.966779 0.128143 -0.221175 12.707696 -0.099194 0.985536 0.137405 84.099648 0.235584 -0.110901 0.965506 -6.704801 0.000000 0.000000 0.000000 1.000000
0.968159 0.120255 -0.219563 13.126542 -0.081139 0.980458 0.179218 83.699554 0.236824 -0.155696 0.958996 -6.178202 0.000000 0.000000 0.000000 1.000000
0.970030 0.119779 -0.211411 13.406867 -0.080838 0.979580 0.184085 84.338478 0.229144 -0.161478 0.959905 -5.865717 0.000000 0.000000 0.000000 1.000000
0.971957 0.123839 -0.199911 13.655719 -0.090534 0.981634 0.167921 86.040497 0.217034 -0.145113 0.965318 -6.002841 0.000000 0.000000 0.000000 1.000000
0.973144 0.131285 -0.189090 13.780323 -0.106799 0.985160 0.134361 88.066628 0.203924 -0.110558 0.972724 -6.400077 0.000000 0.000000 0.000000 1.000000
0.975228 0.129598 -0.179264 13.441951 -0.117515 0.990120 0.076496 89.708481 0.187407 -0.053535 0.980822 -6.789129 0.000000 0.000000 0.000000 1.000000
0.980423 0.115645 -0.159362 12.605717 -0.116878 0.993145 0.001645 91.044922 0.158460 0.017013 0.987219 -7.294225 0.000000 0.000000 0.000000 1.000000
0.987844 0.097694 -0.120914 11.513379 -0.107946 0.990823 -0.081351 91.839157 0.111857 0.093414 0.989324 -7.932206 0.000000 0.000000 0.000000 1.000000
0.994365 0.080388 -0.069106 10.332227 -0.091078 0.981422 -0.168863 91.868103 0.054248 0.174206 0.983214 -8.632740 0.000000 0.000000 0.000000 1.000000
0.998112 0.059199 -0.016369 8.941504 -0.061417 0.964692 -0.256118 91.048874 0.000629 0.256640 0.966507 -9.167395 0.000000 0.000000 0.000000 1.000000
0.999143 0.030576 0.027908 7.343386 -0.019617 0.943352 -0.331214 89.440872 -0.036454 0.330383 0.943143 -9.383286 0.000000 0.000000 0.000000 1.000000
0.998296 -0.002713 0.058293 5.710671 0.024907 0.923172 -0.383579 86.886139 -0.052773 0.384377 0.921667 -9.276682 0.000000 0.000000 0.000000 1.000000
0.996789 -0.031249 0.073729 4.347937 0.058260 0.914665 -0.399993 84.157936 -0.054938 0.403004 0.913548 -9.339472 0.000000 0.000000 0.000000 1.000000
0.995383 -0.052951 0.080058 3.210708 0.079577 0.921623 -0.379841 81.233139 -0.053670 0.384458 0.921581 -9.491020 0.000000 0.000000 0.000000 1.000000
0.994304 -0.073094 0.077570 2.235864 0.095210 0.936251 -0.338184 78.417877 -0.047906 0.343643 0.937878 -9.581554 0.000000 0.000000 0.000000 1.000000
0.993685 -0.090015 0.066990 1.436065 0.105927 0.949472 -0.295436 75.920616 -0.037012 0.300666 0.953011 -9.376780 0.000000 0.000000 0.000000 1.000000
0.993487 -0.100366 0.053955 0.842130 0.110599 0.963305 -0.244565 73.827370 -0.027430 0.248939 0.968131 -9.051981 0.000000 0.000000 0.000000 1.000000
0.993083 -0.111543 0.036656 0.326932 0.116114 0.979309 -0.165745 72.572212 -0.017410 0.168855 0.985487 -8.988887 0.000000 0.000000 0.000000 1.000000
0.992179 -0.124487 0.009133 -0.170254 0.124820 0.989866 -0.067717 72.558159 -0.000610 0.068327 0.997663 -9.135303 0.000000 0.000000 0.000000 1.000000
0.990681 -0.135223 -0.016307 -0.888610 0.135419 0.990721 0.011574 73.874863 0.014591 -0.013674 0.999800 -9.340554 0.000000 0.000000 0.000000 1.000000
0.989125 -0.145006 -0.024583 -1.567983 0.145951 0.988381 0.042431 74.948776 0.018145 -0.045557 0.998797 -9.264634 0.000000 0.000000 0.000000 1.000000
0.987587 -0.156370 -0.014840 -2.110360 0.156900 0.986517 0.046540 76.603577 0.007362 -0.048291 0.998806 -9.189734 0.000000 0.000000 0.000000 1.000000
0.986553 -0.163437 0.001550 -2.429606 0.163154 0.985323 0.050196 79.907951 -0.009731 -0.049268 0.998738 -9.444835 0.000000 0.000000 0.000000 1.000000
0.987289 -0.158916 0.002417 -2.339153 0.158655 0.986344 0.044194 83.299629 -0.009407 -0.043249 0.999020 -9.784412 0.000000 0.000000 0.000000 1.000000
0.988605 -0.149183 -0.020128 -1.768371 0.149497 0.988647 0.015104 85.105476 0.017646 -0.017941 0.999683 -10.003731 0.000000 0.000000 0.000000 1.000000
0.988747 -0.138074 -0.057572 -0.929757 0.136492 0.990169 -0.030575 85.937523 0.061228 0.022373 0.997873 -10.173095 0.000000 0.000000 0.000000 1.000000
0.987696 -0.123387 -0.096082 -0.024865 0.114937 0.989376 -0.089015 86.415665 0.106045 0.076876 0.991385 -10.353614 0.000000 0.000000 0.000000 1.000000
0.986568 -0.100175 -0.129029 0.991928 0.079100 0.984073 -0.159199 86.776398 0.142921 0.146855 0.978778 -10.529104 0.000000 0.000000 0.000000 1.000000
0.985215 -0.066519 -0.157880 2.250047 0.028209 0.971953 -0.233478 86.478065 0.168983 0.225573 0.959459 -10.605156 0.000000 0.000000 0.000000 1.000000
0.981297 -0.022773 -0.191147 3.749261 -0.036422 0.953076 -0.300531 85.121315 0.189022 0.301872 0.934422 -10.437820 0.000000 0.000000 0.000000 1.000000
0.971376 0.024686 -0.236260 5.239489 -0.107731 0.932203 -0.345530 83.419426 0.211713 0.361092 0.908180 -10.243217 0.000000 0.000000 0.000000 1.000000
0.955927 0.063307 -0.286697 6.729753 -0.167349 0.919811 -0.354883 81.432152 0.241241 0.387221 0.889867 -10.084889 0.000000 0.000000 0.000000 1.000000
0.940133 0.096337 -0.326910 8.200902 -0.210260 0.918863 -0.333888 79.442032 0.268219 0.382635 0.884109 -9.910597 0.000000 0.000000 0.000000 1.000000
0.929374 0.128984 -0.345872 9.574010 -0.241632 0.920907 -0.305849 78.119286 0.279066 0.367822 0.887034 -9.638857 0.000000 0.000000 0.000000 1.000000
0.926500 0.160511 -0.340344 10.847577 -0.263669 0.922213 -0.282844 77.484901 0.268470 0.351794 0.896753 -9.297771 0.000000 0.000000 0.000000 1.000000
0.929865 0.190827 -0.314542 12.041163 -0.278136 0.924259 -0.261507 77.616081 0.240816 0.330651 0.912512 -8.894159 0.000000 0.000000 0.000000 1.000000
0.934255 0.217895 -0.282294 13.160455 -0.288181 0.927591 -0.237754 78.543724 0.210048 0.303474 0.929399 -8.453841 0.000000 0.000000 0.000000 1.000000
0.935234 0.239289 -0.260919 14.251232 -0.297484 0.930726 -0.212728 80.203445 0.191941 0.276569 0.941631 -8.171330 0.000000 0.000000 0.000000 1.000000
0.932289 0.252662 -0.258844 15.284128 -0.306796 0.931410 -0.195836 82.390793 0.191609 0.261988 0.945858 -8.120600 0.000000 0.000000 0.000000 1.000000
0.928357 0.257018 -0.268506 16.067007 -0.313720 0.929233 -0.195206 84.728973 0.199333 0.265456 0.943292 -8.090998 0.000000 0.000000 0.000000 1.000000
0.928565 0.250074 -0.274283 16.405972 -0.310897 0.927693 -0.206709 86.809517 0.202757 0.277217 0.939170 -8.058648 0.000000 0.000000 0.000000 1.000000
0.934783 0.233322 -0.267848 16.376564 -0.295482 0.929257 -0.221749 88.495094 0.197160 0.286431 0.937595 -8.127998 0.000000 0.000000 0.000000 1.000000
0.945865 0.208509 -0.248723 16.112576 -0.268500 0.933227 -0.238736 89.603424 0.182336 0.292595 0.938692 -8.244639 0.000000 0.000000 0.000000 1.000000
0.959517 0.178799 -0.217619 15.719249 -0.233182 0.937653 -0.257745 89.931808 0.157966 0.298056 0.941387 -8.265877 0.000000 0.000000 0.000000 1.000000
0.973201 0.145526 -0.178053 15.249058 -0.191352 0.941902 -0.276053 89.501511 0.127535 0.302726 0.944506 -8.205420 0.000000 0.000000 0.000000 1.000000
0.984819 0.106105 -0.137377 14.622721 -0.142559 0.945930 -0.291365 88.290833 0.099033 0.306526 0.946696 -8.167523 0.000000 0.000000 0.000000 1.000000
0.992879 0.059670 -0.103103 13.798921 -0.088577 0.948533 -0.304037 86.432739 0.079655 0.311005 0.947065 -8.193729 0.000000 0.000000 0.000000 1.000000
0.996588 0.008464 -0.082105 12.793867 -0.034335 0.947092 -0.319122 84.159531 0.075060 0.320852 0.944151 -8.339963 0.000000 0.000000 0.000000 1.000000
0.996794 -0.037959 -0.070432 11.673381 0.011678 0.939893 -0.341270 81.861710 0.079152 0.339353 0.937323 -8.518137 0.000000 0.000000 0.000000 1.000000
0.996482 -0.066741 -0.050696 10.608826 0.043682 0.929804 -0.365453 80.065727 0.071528 0.361953 0.929448 -8.520301 0.000000 0.000000 0.000000 1.000000
0.996145 -0.085021 -0.021613 9.540191 0.070257 0.920732 -0.383818 78.701019 0.052533 0.380819 0.923156 -8.409200 0.000000 0.000000 0.000000 1.000000
0.994241 -0.107116 0.003392 8.280870 0.099817 0.914049 -0.393130 77.620857 0.039010 0.391205 0.919477 -8.322701 0.000000 0.000000 0.000000 1.000000
0.991738 -0.126956 0.018403 6.953280 0.124081 0.912915 -0.388832 77.024277 0.032565 0.387903 0.921125 -8.279156 0.000000 0.000000 0.000000 1.000000
0.990015 -0.139027 0.023259 5.708022 0.137841 0.920329 -0.366052 77.076599 0.029485 0.365603 0.930304 -8.287616 0.000000 0.000000 0.000000 1.000000
0.988226 -0.150766 0.026050 4.496133 0.150991 0.933505 -0.325223 77.846237 0.024715 0.325327 0.945278 -8.331663 0.000000 0.000000 0.000000 1.000000
0.986094 -0.162959 0.032595 3.330392 0.165520 0.945507 -0.280393 79.204048 0.014874 0.281889 0.959332 -8.359329 0.000000 0.000000 0.000000 1.000000
0.985701 -0.164316 0.037328 2.342913 0.168400 0.952920 -0.252162 81.032372 0.005864 0.254842 0.966965 -8.302845 0.000000 0.000000 0.000000 1.000000
0.987640 -0.152127 0.037757 1.558511 0.156733 0.955867 -0.248500 83.068436 0.001713 0.251346 0.967896 -8.230865 0.000000 0.000000 0.000000 1.000000
0.990348 -0.132849 0.039529 1.001205 0.138584 0.954074 -0.265587 85.002007 -0.002431 0.268502 0.963276 -8.135678 0.000000 0.000000 0.000000 1.000000
0.993559 -0.104735 0.043256 0.823740 0.112886 0.948051 -0.297417 86.409012 -0.009859 0.300384 0.953767 -7.978258 0.000000 0.000000 0.000000 1.000000
0.996978 -0.065071 0.042423 1.011388 0.075742 0.935515 -0.345072 87.116447 -0.017233 0.347242 0.937617 -7.676127 0.000000 0.000000 0.000000 1.000000
0.999193 -0.021840 0.033695 1.415265 0.033716 0.912080 -0.408623 86.948997 -0.021808 0.409429 0.912081 -7.165306 0.000000 0.000000 0.000000 1.000000
0.999747 0.014819 0.016914 1.819006 -0.005012 0.880073 -0.474813 86.018524 -0.021922 0.474608 0.879924 -6.494632 0.000000 0.000000 0.000000 1.000000
0.999390 0.034113 -0.007532 2.038441 -0.032904 0.846723 -0.531015 84.550011 -0.011737 0.530939 0.847329 -5.626072 0.000000 0.000000 0.000000 1.000000
0.999007 0.027513 -0.035052 2.195555 -0.042481 0.825507 -0.562792 82.489578 0.013452 0.563722 0.825855 -4.778010 0.000000 0.000000 0.000000 1.000000
0.998249 0.002853 -0.059079 2.627489 -0.034639 0.837837 -0.544820 80.111580 0.047944 0.545913 0.836469 -4.470232 0.000000 0.000000 0.000000 1.000000
0.996793 -0.017300 -0.078132 3.416747 -0.020940 0.885948 -0.463312 78.078613 0.077236 0.463462 0.882744 -4.952955 0.000000 0.000000 0.000000 1.000000
0.995170 -0.022357 -0.095588 4.394519 -0.011839 0.939279 -0.342949 76.780807 0.097451 0.342425 0.934478 -5.855536 0.000000 0.000000 0.000000 1.000000
0.993388 -0.022380 -0.112602 5.348380 -0.006225 0.968872 -0.247484 76.147972 0.114636 0.246549 0.962326 -6.376575 0.000000 0.000000 0.000000 1.000000
0.991660 -0.019111 -0.127453 6.215653 -0.010268 0.974085 -0.225948 75.483475 0.128468 0.225372 0.965766 -6.187776 0.000000 0.000000 0.000000 1.000000
0.989792 0.004172 -0.142457 7.108432 -0.044178 0.959317 -0.278853 74.621635 0.135498 0.282300 0.949709 -5.484254 0.000000 0.000000 0.000000 1.000000
0.987363 0.040044 -0.153335 8.074531 -0.095699 0.921879 -0.375475 74.185791 0.126321 0.385404 0.914061 -4.495154 0.000000 0.000000 0.000000 1.000000
0.987163 0.064913 -0.145933 9.015254 -0.127026 0.872961 -0.470961 75.045280 0.096822 0.483452 0.870000 -3.481222 0.000000 0.000000 0.000000 1.000000
0.988850 0.073986 -0.129234 9.723997 -0.131911 0.837904 -0.529639 76.722572 0.069099 0.540781 0.838321 -2.730518 0.000000 0.000000 0.000000 1.000000
0.989533 0.070562 -0.125881 10.370374 -0.127519 0.835913 -0.533843 78.135254 0.067556 0.544307 0.836161 -2.563351 0.000000 0.000000 0.000000 1.000000
0.987211 0.076955 -0.139616 11.512840 -0.133925 0.875416 -0.464447 79.147537 0.086481 0.477205 0.874526 -3.136299 0.000000 0.000000 0.000000 1.000000
0.980046 0.113048 -0.163495 13.068253 -0.162415 0.929625 -0.330785 80.154068 0.114595 0.350739 0.929436 -3.988950 0.000000 0.000000 0.000000 1.000000
0.969714 0.155070 -0.188702 14.310117 -0.190969 0.963040 -0.189962 81.099350 0.152271 0.220245 0.963486 -4.453856 0.000000 0.000000 0.000000 1.000000
0.963882 0.163987 -0.209859 14.805077 -0.185754 0.978605 -0.088470 81.675568 0.190861 0.124256 0.973721 -4.629743 0.000000 0.000000 0.000000 1.000000
0.965560 0.136026 -0.221791 14.629161 -0.147458 0.988422 -0.035747 81.705673 0.214361 0.067221 0.974439 -4.941784 0.000000 0.000000 0.000000 1.000000
0.970009 0.098707 -0.222125 13.862307 -0.105707 0.994200 -0.019818 81.225914 0.218880 0.042704 0.974817 -5.337830 0.000000 0.000000 0.000000 1.000000
0.975946 0.070732 -0.206218 12.688416 -0.084267 0.994777 -0.057598 80.266273 0.201067 0.073590 0.976809 -5.421572 0.000000 0.000000 0.000000 1.000000
0.984502 0.053368 -0.167057 11.614270 -0.083028 0.980892 -0.175945 79.065956 0.154475 0.187089 0.970121 -5.041471 0.000000 0.000000 0.000000 1.000000
0.991654 0.049043 -0.119234 10.709136 -0.085029 0.943965 -0.318905 77.870621 0.096913 0.326382 0.940257 -4.438474 0.000000 0.000000 0.000000 1.000000
0.995201 0.054897 -0.081000 9.805574 -0.083272 0.909864 -0.406464 76.961151 0.051386 0.411258 0.910069 -3.876911 0.000000 0.000000 0.000000 1.000000
0.997039 0.058099 -0.050368 8.905517 -0.074022 0.902550 -0.424174 76.460052 0.020816 0.426646 0.904179 -3.830659 0.000000 0.000000 0.000000 1.000000
0.998554 0.046463 -0.027024 7.981443 -0.053283 0.921846 -0.383876 75.417328 0.007076 0.384761 0.922989 -4.313451 0.000000 0.000000 0.000000 1.000000
0.999576 0.024635 -0.015538 7.047709 -0.028044 0.958100 -0.285056 74.049271 0.007864 0.285371 0.958385 -5.124138 0.000000 0.000000 0.000000 1.000000
0.999859 0.009788 -0.013657 6.422302 -0.011656 0.989479 -0.144209 72.748734 0.012102 0.144348 0.989453 -6.277032 0.000000 0.000000 0.000000 1.000000
0.999912 0.002947 -0.012958 6.108560 -0.003489 0.999112 -0.041991 71.303680 0.012823 0.042032 0.999034 -7.187374 0.000000 0.000000 0.000000 1.000000
0.999811 -0.010054 -0.016614 5.821636 0.009234 0.998772 -0.048673 71.787170 0.017082 0.048511 0.998677 -7.222715 0.000000 0.000000 0.000000 1.000000
0.998793 -0.038709 -0.030233 5.338146 0.033997 0.989100 -0.143268 73.438187 0.035450 0.142067 0.989222 -6.585104 0.000000 0.000000 0.000000 1.000000
0.996425 -0.069713 -0.047717 4.759603 0.055368 0.965512 -0.254401 75.411804 0.063806 0.250850 0.965921 -5.953529 0.000000 0.000000 0.000000 1.000000
0.994689 -0.088829 -0.051990 4.240618 0.066195 0.938909 -0.337740 77.454918 0.078815 0.332505 0.939802 -5.655245 0.000000 0.000000 0.000000 1.000000
0.994488 -0.097675 -0.038114 3.807871 0.075407 0.918877 -0.387271 79.499939 0.072849 0.382262 0.921178 -5.685059 0.000000 0.000000 0.000000 1.000000
0.994948 -0.096622 -0.027258 3.614178 0.076369 0.904662 -0.419232 80.944458 0.065167 0.415032 0.907470 -6.004331 0.000000 0.000000 0.000000 1.000000
0.995924 -0.083423 -0.034283 3.681222 0.059002 0.890100 -0.451929 81.546722 0.068217 0.448065 0.891395 -6.235734 0.000000 0.000000 0.000000 1.000000
0.996961 -0.058866 -0.051019 3.961510 0.027486 0.878644 -0.476686 81.433838 0.072888 0.473835 0.877592 -6.154319 0.000000 0.000000 0.000000 1.000000
0.997257 -0.033564 -0.065975 4.422592 -0.000901 0.885720 -0.464218 80.721954 0.074017 0.463004 0.883260 -6.009904 0.000000 0.000000 0.000000 1.000000
0.997085 -0.022892 -0.072784 4.933144 -0.007229 0.921293 -0.388801 79.405251 0.075956 0.388194 0.918442 -6.398635 0.000000 0.000000 0.000000 1.000000
0.996507 -0.037742 -0.074491 5.388103 0.017937 0.967957 -0.250473 77.467926 0.081557 0.248262 0.965254 -7.627095 0.000000 0.000000 0.000000 1.000000
0.993450 -0.074023 -0.087054 5.808368 0.063008 0.990391 -0.123109 75.157616 0.095330 0.116817 0.988568 -8.707115 0.000000 0.000000 0.000000 1.000000
0.987868 -0.103384 -0.115880 6.018669 0.090044 0.989279 -0.114976 73.720627 0.126525 0.103147 0.986586 -8.546968 0.000000 0.000000 0.000000 1.000000
0.984359 -0.108746 -0.138603 6.393347 0.078562 0.975151 -0.207142 73.198235 0.157685 0.193013 0.968443 -7.554897 0.000000 0.000000 0.000000 1.000000
0.985584 -0.090973 -0.142646 7.305912 0.045575 0.954722 -0.293986 72.884460 0.162932 0.283247 0.945105 -6.872554 0.000000 0.000000 0.000000 1.000000
0.987982 -0.070770 -0.137413 8.288676 0.020680 0.941555 -0.336224 72.974190 0.153177 0.329341 0.931703 -6.908169 0.000000 0.000000 0.000000 1.000000
0.988161 -0.066337 -0.138338 8.892053 0.016978 0.943433 -0.331129 73.542801 0.152479 0.324860 0.933390 -7.523387 0.000000 0.000000 0.000000 1.000000
0.986860 -0.068560 -0.146311 9.361065 0.026736 0.962320 -0.270601 74.115944 0.159351 0.263133 0.951508 -8.456214 0.000000 0.000000 0.000000 1.000000
0.986091 -0.058223 -0.155672 9.982866 0.031589 0.985215 -0.168384 74.980690 0.163174 0.161124 0.973352 -9.495852 0.000000 0.000000 0.000000 1.000000
0.985497 -0.018224 -0.168712 10.621212 0.007382 0.997880 -0.064665 76.527817 0.169533 0.062481 0.983542 -10.337921 0.000000 0.000000 0.000000 1.000000
0.981773 0.051190 -0.183036 11.215567 -0.053695 0.998519 -0.008750 78.494049 0.182317 0.018418 0.983067 -10.660961 0.000000 0.000000 0.000000 1.000000
