<?xml version="1.0" encoding="utf-8"?>
<COLLADA xmlns="http://www.collada.org/2005/11/COLLADASchema" version="1.4.1">
  <asset>
    <contributor>
      <author>Mixamo</author>
      <authoring_tool>COLLADA Mixamo exporter</authoring_tool>
      <comments/>
    </contributor>
    <created>2025-02-10T15:52:27Z</created>
    <modified>2025-02-10T15:52:27Z</modified>
    <revision/>
    <title/>
    <unit meter="0.010000"/>
    <up_axis>Y_UP</up_axis>
  </asset>
  <library_animations>
    <animation id="mixamorig_Hips-anim" name="mixamorig_Hips">
      <source id="mixamorig_Hips-Matrix-animation-input">
        <float_array id="mixamorig_Hips-Matrix-animation-input-array" count="225">

0.000000 0.033333 0.066667 0.100000 0.133333 0.166667 0.200000 0.233333 0.266667 0.300000 0.333333 0.366667 0.400000 0.433333 0.466667 0.500000
0.533333 0.566667 0.600000 0.633333 0.666667 0.700000 0.733333 0.766667 0.800000 0.833333 0.866667 0.900000 0.933333 0.966667 1.000000 1.033333
1.066667 1.100000 1.133333 1.166667 1.200000 1.233333 1.266667 1.300000 1.333333 1.366667 1.400000 1.433333 1.466667 1.500000 1.533333 1.566667
1.600000 1.633333 1.666667 1.700000 1.733333 1.766667 1.800000 1.833333 1.866667 1.900000 1.933333 1.966667 2.000000 2.033333 2.066667 2.100000
2.133333 2.166667 2.200000 2.233333 2.266667 2.300000 2.333333 2.366667 2.400000 2.433333 2.466667 2.500000 2.533333 2.566667 2.600000 2.633333
2.666667 2.700000 2.733333 2.766667 2.800000 2.833333 2.866667 2.900000 2.933333 2.966667 3.000000 3.033333 3.066667 3.100000 3.133333 3.166667
3.200000 3.233333 3.266667 3.300000 3.333333 3.366667 3.400000 3.433333 3.466667 3.500000 3.533333 3.566667 3.600000 3.633333 3.666667 3.700000
3.733333 3.766667 3.800000 3.833333 3.866667 3.900000 3.933333 3.966667 4.000000 4.033333 4.066667 4.100000 4.133333 4.166667 4.200000 4.233333
4.266667 4.300000 4.333333 4.366667 4.400000 4.433333 4.466667 4.500000 4.533333 4.566667 4.600000 4.633333 4.666667 4.700000 4.733333 4.766667
4.800000 4.833333 4.866667 4.900000 4.933333 4.966667 5.000000 5.033333 5.066667 5.100000 5.133333 5.166667 5.200000 5.233333 5.266667 5.300000
5.333333 5.366667 5.400000 5.433333 5.466667 5.500000 5.533333 5.566667 5.600000 5.633333 5.666667 5.700000 5.733333 5.766667 5.800000 5.833333
5.866667 5.900000 5.933333 5.966667 6.000000 6.033333 6.066667 6.100000 6.133333 6.166667 6.200000 6.233333 6.266667 6.300000 6.333333 6.366667
6.400000 6.433333 6.466667 6.500000 6.533333 6.566667 6.600000 6.633333 6.666667 6.700000 6.733333 6.766667 6.800000 6.833333 6.866667 6.900000
6.933333 6.966667 7.000000 7.033333 7.066667 7.100000 7.133333 7.166667 7.200000 7.233333 7.266667 7.300000 7.333333 7.366667 7.400000 7.433333
7.466667</float_array>
        <technique_common>
          <accessor source="#mixamorig_Hips-Matrix-animation-input-array" count="225">
            <param name="TIME" type="float"/>
          </accessor>
        </technique_common>
      </source>
      <source id="mixamorig_Hips-Matrix-animation-output-transform">
        <float_array id="mixamorig_Hips-Matrix-animation-output-transform-array" count="3600">

0.074521 -0.055320 -0.995684 0.529154 0.080469 0.995538 -0.049289 77.918365 0.993968 -0.076448 0.078640 -0.019957 0.000000 0.000000 0.000000 1.000000
0.027649 -0.045845 -0.998566 0.592000 0.055619 0.997471 -0.044255 78.114578 0.998069 -0.054315 0.030129 0.716280 0.000000 0.000000 0.000000 1.000000
-0.012314 -0.039782 -0.999132 0.650712 0.037942 0.998470 -0.040224 78.384468 0.999204 -0.038404 -0.010786 1.761429 0.000000 0.000000 0.000000 1.000000
-0.042301 -0.037174 -0.998413 0.734647 0.028786 0.998847 -0.038410 78.732330 0.998690 -0.030365 -0.041182 3.118665 0.000000 0.000000 0.000000 1.000000
-0.067545 -0.041013 -0.996873 0.850688 0.022112 0.998848 -0.042592 79.204079 0.997471 -0.024920 -0.066560 4.540360 0.000000 0.000000 0.000000 1.000000
-0.093220 -0.051701 -0.994302 0.926939 0.011688 0.998525 -0.053016 79.818954 0.995577 -0.016563 -0.092478 5.821290 0.000000 0.000000 0.000000 1.000000
-0.117307 -0.065124 -0.990958 1.008256 -0.002687 0.997865 -0.065260 80.570877 0.993092 -0.004993 -0.117231 6.962795 0.000000 0.000000 0.000000 1.000000
-0.135455 -0.076913 -0.987794 1.097789 -0.017629 0.997012 -0.075213 81.477402 0.990627 0.007225 -0.136406 7.981857 0.000000 0.000000 0.000000 1.000000
-0.144847 -0.083778 -0.985901 1.189348 -0.029615 0.996330 -0.080313 82.538315 0.989011 0.017565 -0.146797 8.880350 0.000000 0.000000 0.000000 1.000000
-0.145112 -0.085368 -0.985726 1.287009 -0.037528 0.996029 -0.080735 83.730637 0.988703 0.025277 -0.147739 9.643784 0.000000 0.000000 0.000000 1.000000
-0.137391 -0.084109 -0.986939 1.387029 -0.042024 0.995986 -0.079030 85.030258 0.989625 0.030617 -0.140374 10.233248 0.000000 0.000000 0.000000 1.000000
-0.124098 -0.084784 -0.988641 1.471037 -0.045553 0.995779 -0.079678 86.394714 0.991224 0.035148 -0.127437 10.596078 0.000000 0.000000 0.000000 1.000000
-0.107080 -0.091266 -0.990053 1.521671 -0.050119 0.995008 -0.086302 87.755737 0.992986 0.040379 -0.111119 10.703107 0.000000 0.000000 0.000000 1.000000
-0.085539 -0.101062 -0.991196 1.548005 -0.053988 0.993851 -0.096673 89.062103 0.994871 0.045244 -0.090469 10.589251 0.000000 0.000000 0.000000 1.000000
-0.057869 -0.107834 -0.992483 1.572784 -0.053953 0.993034 -0.104748 90.291946 0.996865 0.047486 -0.063284 10.304303 0.000000 0.000000 0.000000 1.000000
-0.024125 -0.108306 -0.993825 1.604841 -0.048915 0.993051 -0.107034 91.427856 0.998512 0.046030 -0.029255 9.870929 0.000000 0.000000 0.000000 1.000000
0.013291 -0.106195 -0.994257 1.631937 -0.040730 0.993462 -0.106654 92.446823 0.999082 0.041913 0.008879 9.304260 0.000000 0.000000 0.000000 1.000000
0.052096 -0.105526 -0.993051 1.643718 -0.031471 0.993734 -0.107249 93.301140 0.998146 0.036840 0.048448 8.603028 0.000000 0.000000 0.000000 1.000000
0.091631 -0.106542 -0.990077 1.640817 -0.022191 0.993794 -0.108996 93.939926 0.995546 0.031959 0.088698 7.761756 0.000000 0.000000 0.000000 1.000000
0.132502 -0.107133 -0.985376 1.631800 -0.013181 0.993863 -0.109828 94.350380 0.991095 0.027541 0.130277 6.789022 0.000000 0.000000 0.000000 1.000000
0.174761 -0.106922 -0.978788 1.606273 -0.004581 0.993987 -0.109400 94.563393 0.984600 0.023603 0.173220 5.709818 0.000000 0.000000 0.000000 1.000000
0.216791 -0.108142 -0.970210 1.567229 0.002666 0.993907 -0.110187 94.609589 0.976214 0.021301 0.215759 4.556876 0.000000 0.000000 0.000000 1.000000
0.256671 -0.111266 -0.960073 1.486071 0.007356 0.993547 -0.113179 94.554794 0.966471 0.021987 0.255833 3.365179 0.000000 0.000000 0.000000 1.000000
0.293936 -0.113798 -0.949027 1.341298 0.010002 0.993199 -0.115997 94.390930 0.955773 0.024603 0.293075 2.157471 0.000000 0.000000 0.000000 1.000000
0.328620 -0.113930 -0.937565 1.137311 0.011945 0.993120 -0.116494 94.095840 0.944387 0.027083 0.327720 0.937723 0.000000 0.000000 0.000000 1.000000
0.360100 -0.111877 -0.926181 0.892890 0.013103 0.993292 -0.114889 93.667786 0.932822 0.029235 0.359150 -0.286785 0.000000 0.000000 0.000000 1.000000
0.387860 -0.107996 -0.915370 0.620660 0.012646 0.993642 -0.111873 93.134232 0.921631 0.031815 0.386760 -1.502843 0.000000 0.000000 0.000000 1.000000
0.412215 -0.101516 -0.905413 0.320868 0.010110 0.994222 -0.106870 92.535667 0.911030 0.034899 0.410860 -2.706582 0.000000 0.000000 0.000000 1.000000
0.434137 -0.092354 -0.896100 -0.004387 0.005831 0.994998 -0.099721 91.904335 0.900828 0.038067 0.432504 -3.888135 0.000000 0.000000 0.000000 1.000000
0.454511 -0.083109 -0.886856 -0.331267 0.001525 0.995709 -0.092528 91.245773 0.890740 0.040703 0.452687 -5.010649 0.000000 0.000000 0.000000 1.000000
0.473158 -0.077118 -0.877596 -0.621462 -0.000801 0.996123 -0.087966 90.550430 0.880977 0.042325 0.471262 -6.040560 0.000000 0.000000 0.000000 1.000000
0.489315 -0.075459 -0.868836 -0.853221 -0.000621 0.996219 -0.086872 89.814110 0.872107 0.043048 0.487418 -6.991945 0.000000 0.000000 0.000000 1.000000
0.502936 -0.076617 -0.860921 -1.030295 0.001362 0.996132 -0.087854 89.038910 0.864323 0.043012 0.501095 -7.910482 0.000000 0.000000 0.000000 1.000000
0.514375 -0.078414 -0.853973 -1.156900 0.004415 0.996040 -0.088799 88.239738 0.857554 0.041905 0.512684 -8.811906 0.000000 0.000000 0.000000 1.000000
0.523757 -0.080530 -0.848053 -1.218770 0.008565 0.995969 -0.089286 87.437492 0.851825 0.039500 0.522336 -9.665590 0.000000 0.000000 0.000000 1.000000
0.530959 -0.084433 -0.843180 -1.202053 0.014315 0.995775 -0.090699 86.637413 0.847276 0.036088 0.529925 -10.440531 0.000000 0.000000 0.000000 1.000000
0.535595 -0.090656 -0.839595 -1.111379 0.021454 0.995361 -0.093789 85.844040 0.844203 0.032220 0.535055 -11.133596 0.000000 0.000000 0.000000 1.000000
0.537380 -0.097870 -0.837642 -0.957617 0.029021 0.994801 -0.097614 85.076561 0.842841 0.028147 0.537427 -11.749811 0.000000 0.000000 0.000000 1.000000
0.536512 -0.104651 -0.837379 -0.746717 0.036425 0.994228 -0.100916 84.344231 0.843106 0.023641 0.537227 -12.273398 0.000000 0.000000 0.000000 1.000000
0.533068 -0.109862 -0.838910 -0.488159 0.043602 0.993783 -0.102438 83.635941 0.844948 0.018028 0.534544 -12.680883 0.000000 0.000000 0.000000 1.000000
0.526644 -0.112451 -0.842616 -0.191923 0.050410 0.993599 -0.101094 82.944717 0.848590 0.010764 0.528941 -12.972527 0.000000 0.000000 0.000000 1.000000
0.517035 -0.113102 -0.848459 0.143594 0.056637 0.993580 -0.097933 82.270355 0.854089 0.002581 0.520121 -13.166992 0.000000 0.000000 0.000000 1.000000
0.504505 -0.114352 -0.855803 0.519316 0.062387 0.993428 -0.095963 81.586723 0.861152 -0.004977 0.508323 -13.238527 0.000000 0.000000 0.000000 1.000000
0.489317 -0.116601 -0.864276 0.913256 0.067296 0.993115 -0.095883 80.837090 0.869505 -0.011245 0.493795 -13.071475 0.000000 0.000000 0.000000 1.000000
0.471688 -0.116042 -0.874097 1.290020 0.069967 0.993103 -0.094084 80.004807 0.878985 -0.016780 0.476553 -12.557546 0.000000 0.000000 0.000000 1.000000
0.451992 -0.108863 -0.885354 1.642996 0.069588 0.993804 -0.086672 79.170982 0.889303 -0.022435 0.456767 -11.765673 0.000000 0.000000 0.000000 1.000000
0.430834 -0.095845 -0.897327 1.999213 0.067039 0.994996 -0.074089 78.445679 0.899938 -0.028235 0.435103 -10.911484 0.000000 0.000000 0.000000 1.000000
0.408818 -0.081313 -0.908986 2.372669 0.063643 0.996138 -0.060486 77.852821 0.910394 -0.033123 0.412414 -10.122004 0.000000 0.000000 0.000000 1.000000
0.386007 -0.068656 -0.919938 2.745260 0.060091 0.996980 -0.049191 77.331802 0.920537 -0.036292 0.388967 -9.317261 0.000000 0.000000 0.000000 1.000000
0.361938 -0.058056 -0.930393 3.098454 0.056801 0.997578 -0.040152 76.847847 0.930470 -0.038314 0.364359 -8.372427 0.000000 0.000000 0.000000 1.000000
0.335985 -0.048469 -0.940619 3.439848 0.053569 0.998042 -0.032293 76.439568 0.940343 -0.039538 0.337924 -7.297187 0.000000 0.000000 0.000000 1.000000
0.307008 -0.040049 -0.950864 3.777142 0.048946 0.998456 -0.026250 76.155762 0.950448 -0.038482 0.308494 -6.168441 0.000000 0.000000 0.000000 1.000000
0.274499 -0.032827 -0.961027 4.077714 0.042554 0.998853 -0.021964 76.004044 0.960645 -0.034866 0.275581 -5.004073 0.000000 0.000000 0.000000 1.000000
0.240246 -0.024286 -0.970408 4.291841 0.037099 0.999186 -0.015821 75.972664 0.970003 -0.032200 0.240952 -3.773070 0.000000 0.000000 0.000000 1.000000
0.205979 -0.011809 -0.978485 4.421276 0.034839 0.999382 -0.004727 76.064644 0.977936 -0.033116 0.206263 -2.473525 0.000000 0.000000 0.000000 1.000000
0.171075 0.001750 -0.985257 4.530569 0.033762 0.999401 0.007638 76.295029 0.984679 -0.034571 0.170913 -1.152492 0.000000 0.000000 0.000000 1.000000
0.135026 0.010435 -0.990787 4.671869 0.030759 0.999418 0.014717 76.657906 0.990364 -0.032463 0.134627 0.148504 0.000000 0.000000 0.000000 1.000000
0.098733 0.012471 -0.995036 4.844376 0.025624 0.999558 0.015070 77.136169 0.994784 -0.026985 0.098369 1.417291 0.000000 0.000000 0.000000 1.000000
0.063181 0.010327 -0.997949 5.032523 0.019326 0.999746 0.011569 77.715889 0.997815 -0.020018 0.062966 2.646757 0.000000 0.000000 0.000000 1.000000
0.029463 0.005732 -0.999549 5.225538 0.011796 0.999912 0.006081 78.376350 0.999496 -0.011970 0.029393 3.833151 0.000000 0.000000 0.000000 1.000000
-0.000584 -0.001665 -0.999998 5.406117 0.003172 0.999994 -0.001666 79.106995 0.999995 -0.003173 -0.000579 4.978151 0.000000 0.000000 0.000000 1.000000
-0.024635 -0.011663 -0.999628 5.558671 -0.005399 0.999919 -0.011534 79.929787 0.999682 0.005113 -0.024696 6.060565 0.000000 0.000000 0.000000 1.000000
-0.041175 -0.022127 -0.998907 5.681806 -0.013505 0.999676 -0.021587 80.854248 0.999061 0.012602 -0.041461 7.026691 0.000000 0.000000 0.000000 1.000000
-0.050514 -0.030734 -0.998250 5.789548 -0.022085 0.999316 -0.029649 81.828423 0.998479 0.020549 -0.051159 7.811968 0.000000 0.000000 0.000000 1.000000
-0.053873 -0.036224 -0.997891 5.892507 -0.031939 0.998893 -0.034536 82.786034 0.998037 0.030011 -0.054970 8.384583 0.000000 0.000000 0.000000 1.000000
-0.051400 -0.039241 -0.997907 5.983363 -0.042394 0.998413 -0.037077 83.691635 0.997778 0.040399 -0.052982 8.751823 0.000000 0.000000 0.000000 1.000000
-0.042345 -0.041676 -0.998233 6.052237 -0.051870 0.997874 -0.039461 84.518799 0.997756 0.050107 -0.044416 8.932008 0.000000 0.000000 0.000000 1.000000
-0.026630 -0.044302 -0.998663 6.105784 -0.059163 0.997336 -0.042666 85.235046 0.997893 0.057947 -0.029180 8.923604 0.000000 0.000000 0.000000 1.000000
-0.005114 -0.045618 -0.998946 6.154166 -0.064178 0.996914 -0.045196 85.841003 0.997925 0.063879 -0.008026 8.708061 0.000000 0.000000 0.000000 1.000000
0.021429 -0.044542 -0.998778 6.191184 -0.067397 0.996670 -0.045894 86.385605 0.997496 0.068299 0.018356 8.289951 0.000000 0.000000 0.000000 1.000000
0.053182 -0.043447 -0.997639 6.205232 -0.068719 0.996525 -0.047062 86.920609 0.996218 0.071060 0.050012 7.709337 0.000000 0.000000 0.000000 1.000000
0.090661 -0.044777 -0.994875 6.194879 -0.067959 0.996382 -0.051038 87.463936 0.993560 0.072238 0.087289 7.026359 0.000000 0.000000 0.000000 1.000000
0.132603 -0.046731 -0.990067 6.166270 -0.066224 0.996238 -0.055892 88.004631 0.988954 0.072978 0.129009 6.304900 0.000000 0.000000 0.000000 1.000000
0.175784 -0.046006 -0.983353 6.117786 -0.065334 0.996160 -0.058284 88.518333 0.982258 0.074492 0.172104 5.575271 0.000000 0.000000 0.000000 1.000000
0.217244 -0.042122 -0.975208 6.033535 -0.065539 0.996185 -0.057628 88.969482 0.973915 0.076434 0.213655 4.813415 0.000000 0.000000 0.000000 1.000000
0.255472 -0.036873 -0.966113 5.907305 -0.064876 0.996366 -0.055183 89.328819 0.964637 0.076776 0.252152 3.991589 0.000000 0.000000 0.000000 1.000000
0.290479 -0.031435 -0.956365 5.751183 -0.061468 0.996783 -0.051433 89.596291 0.954905 0.073726 0.287612 3.120390 0.000000 0.000000 0.000000 1.000000
0.323077 -0.025005 -0.946042 5.576208 -0.055938 0.997399 -0.045465 89.797371 0.944718 0.067608 0.320838 2.224244 0.000000 0.000000 0.000000 1.000000
0.353393 -0.017296 -0.935315 5.384736 -0.050110 0.998044 -0.037389 89.956505 0.934132 0.060082 0.351835 1.315686 0.000000 0.000000 0.000000 1.000000
0.380866 -0.011148 -0.924563 5.167378 -0.044116 0.998569 -0.030214 90.071968 0.923577 0.052295 0.379829 0.403421 0.000000 0.000000 0.000000 1.000000
0.405558 -0.010145 -0.914013 4.905502 -0.036656 0.998954 -0.027352 90.112854 0.913334 0.044597 0.404761 -0.500091 0.000000 0.000000 0.000000 1.000000
0.428053 -0.014651 -0.903635 4.604064 -0.027429 0.999197 -0.029193 90.050095 0.903337 0.037282 0.427307 -1.376856 0.000000 0.000000 0.000000 1.000000
0.448860 -0.021642 -0.893340 4.294248 -0.017833 0.999291 -0.033169 89.877464 0.893424 0.030819 0.448156 -2.206920 0.000000 0.000000 0.000000 1.000000
0.467993 -0.027078 -0.883317 3.987838 -0.009797 0.999310 -0.035824 89.606773 0.883678 0.025419 0.467405 -2.995237 0.000000 0.000000 0.000000 1.000000
0.484500 -0.029087 -0.874308 3.661135 -0.003897 0.999365 -0.035408 89.251625 0.874783 0.020562 0.484079 -3.783334 0.000000 0.000000 0.000000 1.000000
0.497112 -0.029621 -0.867180 3.293916 0.001265 0.999441 -0.033413 88.822380 0.867685 0.015514 0.496872 -4.615663 0.000000 0.000000 0.000000 1.000000
0.505761 -0.031489 -0.862099 2.908799 0.006979 0.999450 -0.032412 88.340012 0.862646 0.010376 0.505702 -5.497014 0.000000 0.000000 0.000000 1.000000
0.512284 -0.034967 -0.858104 2.553320 0.012955 0.999372 -0.032989 87.834686 0.858718 0.005783 0.512415 -6.392969 0.000000 0.000000 0.000000 1.000000
0.518537 -0.038850 -0.854172 2.254502 0.018831 0.999244 -0.034017 87.320335 0.854848 0.001554 0.518876 -7.271070 0.000000 0.000000 0.000000 1.000000
0.524177 -0.042948 -0.850526 2.012280 0.025116 0.999073 -0.034970 86.790375 0.851239 -0.003031 0.524770 -8.121788 0.000000 0.000000 0.000000 1.000000
0.527409 -0.048235 -0.848241 1.828456 0.032148 0.998805 -0.036809 86.247437 0.849003 -0.007856 0.528329 -8.937778 0.000000 0.000000 0.000000 1.000000
0.527235 -0.055730 -0.847890 1.718201 0.039944 0.998369 -0.040783 85.710632 0.848780 -0.012366 0.528601 -9.695143 0.000000 0.000000 0.000000 1.000000
0.524028 -0.065827 -0.849153 1.695896 0.049058 0.997686 -0.047067 85.179070 0.850287 -0.016994 0.526045 -10.366240 0.000000 0.000000 0.000000 1.000000
0.518405 -0.077906 -0.851579 1.767982 0.060023 0.996700 -0.054643 84.629173 0.853026 -0.022787 0.521370 -10.935432 0.000000 0.000000 0.000000 1.000000
0.510387 -0.090219 -0.855199 1.919934 0.072180 0.995467 -0.061939 84.052811 0.856910 -0.030115 0.514585 -11.399319 0.000000 0.000000 0.000000 1.000000
0.499395 -0.101063 -0.860460 2.109246 0.084143 0.994136 -0.067928 83.471603 0.862279 -0.038478 0.504970 -11.764308 0.000000 0.000000 0.000000 1.000000
0.485049 -0.110087 -0.867530 2.297953 0.094829 0.992816 -0.072965 82.907013 0.869330 -0.046875 0.492004 -12.029360 0.000000 0.000000 0.000000 1.000000
0.467953 -0.117350 -0.875927 2.478472 0.103358 0.991610 -0.077631 82.353127 0.877688 -0.054207 0.476156 -12.161967 0.000000 0.000000 0.000000 1.000000
0.449375 -0.122137 -0.884955 2.668272 0.109367 0.990680 -0.081192 81.794144 0.886623 -0.060299 0.458544 -12.114145 0.000000 0.000000 0.000000 1.000000
0.429849 -0.123316 -0.894440 2.897904 0.113387 0.990160 -0.082021 81.236145 0.895753 -0.066162 0.439602 -11.863772 0.000000 0.000000 0.000000 1.000000
0.408225 -0.119627 -0.905009 3.185623 0.115263 0.990197 -0.078896 80.681747 0.905576 -0.072107 0.418011 -11.434423 0.000000 0.000000 0.000000 1.000000
0.382595 -0.111213 -0.917198 3.513270 0.113912 0.990833 -0.072625 80.118507 0.916867 -0.076694 0.391756 -10.880527 0.000000 0.000000 0.000000 1.000000
0.353030 -0.100021 -0.930250 3.842835 0.109773 0.991830 -0.064983 79.574928 0.929150 -0.079175 0.361125 -10.221624 0.000000 0.000000 0.000000 1.000000
0.322754 -0.087285 -0.942450 4.154227 0.105258 0.992872 -0.055908 79.122208 0.940612 -0.081156 0.329641 -9.405182 0.000000 0.000000 0.000000 1.000000
0.293895 -0.073852 -0.952980 4.448260 0.102050 0.993736 -0.045539 78.774406 0.950374 -0.083868 0.299591 -8.414656 0.000000 0.000000 0.000000 1.000000
0.264143 -0.062572 -0.962452 4.718530 0.098711 0.994407 -0.037558 78.487213 0.959419 -0.085084 0.268842 -7.344423 0.000000 0.000000 0.000000 1.000000
0.230808 -0.055544 -0.971413 4.943598 0.092682 0.995085 -0.034876 78.244072 0.968575 -0.081983 0.234821 -6.291987 0.000000 0.000000 0.000000 1.000000
0.195967 -0.050260 -0.979322 5.102798 0.084185 0.995861 -0.034263 78.065605 0.976990 -0.075730 0.199387 -5.250227 0.000000 0.000000 0.000000 1.000000
0.164402 -0.042656 -0.985471 5.192813 0.075666 0.996666 -0.030518 77.967133 0.983487 -0.069549 0.167081 -4.167083 0.000000 0.000000 0.000000 1.000000
0.137754 -0.033531 -0.989899 5.244280 0.068353 0.997366 -0.024272 77.952103 0.988105 -0.064318 0.139683 -3.049572 0.000000 0.000000 0.000000 1.000000
0.112746 -0.027247 -0.993250 5.293484 0.061748 0.997884 -0.020365 78.018860 0.991703 -0.059035 0.114190 -1.954095 0.000000 0.000000 0.000000 1.000000
0.085875 -0.024634 -0.996001 5.340335 0.055330 0.998269 -0.019920 78.158241 0.994768 -0.053398 0.087089 -0.903004 0.000000 0.000000 0.000000 1.000000
0.058239 -0.022386 -0.998052 5.373019 0.048993 0.998608 -0.019540 78.352058 0.997100 -0.047759 0.059255 0.136023 0.000000 0.000000 0.000000 1.000000
0.031997 -0.019423 -0.999299 5.408437 0.041840 0.998961 -0.018076 78.586777 0.998612 -0.041233 0.032776 1.185886 0.000000 0.000000 0.000000 1.000000
0.006668 -0.018857 -0.999800 5.478669 0.032300 0.999305 -0.018632 78.865753 0.999456 -0.032169 0.007273 2.237787 0.000000 0.000000 0.000000 1.000000
-0.017612 -0.022737 -0.999586 5.573635 0.020538 0.999522 -0.023097 79.178436 0.999634 -0.020937 -0.017136 3.306089 0.000000 0.000000 0.000000 1.000000
-0.038934 -0.029623 -0.998803 5.642478 0.008906 0.999510 -0.029991 79.470375 0.999202 -0.010063 -0.038651 4.450294 0.000000 0.000000 0.000000 1.000000
-0.056414 -0.036986 -0.997722 5.664296 -0.000689 0.999315 -0.037006 79.708626 0.998407 -0.001400 -0.056401 5.682607 0.000000 0.000000 0.000000 1.000000
-0.071218 -0.042602 -0.996551 5.676441 -0.008968 0.999074 -0.042069 79.953827 0.997420 0.005941 -0.071534 6.903114 0.000000 0.000000 0.000000 1.000000
-0.085271 -0.045152 -0.995334 5.726813 -0.018343 0.998874 -0.043741 80.285339 0.996189 0.014528 -0.086003 8.019201 0.000000 0.000000 0.000000 1.000000
-0.098590 -0.045606 -0.994083 5.813033 -0.029250 0.998650 -0.042915 80.696518 0.994698 0.024846 -0.099791 9.040565 0.000000 0.000000 0.000000 1.000000
-0.108380 -0.047564 -0.992971 5.884463 -0.038629 0.998302 -0.043603 81.117287 0.993359 0.033632 -0.110034 10.012751 0.000000 0.000000 0.000000 1.000000
-0.112111 -0.053750 -0.992241 5.907217 -0.043999 0.997825 -0.049081 81.506821 0.992721 0.038156 -0.114232 10.936563 0.000000 0.000000 0.000000 1.000000
-0.110021 -0.061668 -0.992014 5.896309 -0.046740 0.997290 -0.056812 81.889580 0.992830 0.040117 -0.112605 11.750682 0.000000 0.000000 0.000000 1.000000
-0.102883 -0.066227 -0.992486 5.875419 -0.049471 0.996887 -0.061392 82.303513 0.993462 0.042783 -0.105839 12.365399 0.000000 0.000000 0.000000 1.000000
-0.090086 -0.066449 -0.993715 5.849783 -0.053080 0.996674 -0.061834 82.738297 0.994519 0.047176 -0.093313 12.721295 0.000000 0.000000 0.000000 1.000000
-0.070986 -0.065403 -0.995331 5.815370 -0.057223 0.996472 -0.061397 83.141640 0.995835 0.052597 -0.074479 12.815844 0.000000 0.000000 0.000000 1.000000
-0.046053 -0.064405 -0.996861 5.763221 -0.061275 0.996222 -0.061533 83.492996 0.997058 0.058248 -0.049826 12.691894 0.000000 0.000000 0.000000 1.000000
-0.016612 -0.061500 -0.997969 5.681363 -0.064553 0.996090 -0.060310 83.831848 0.997776 0.063420 -0.020518 12.384215 0.000000 0.000000 0.000000 1.000000
0.015995 -0.056491 -0.998275 5.567672 -0.066792 0.996112 -0.057439 84.216805 0.997639 0.067596 0.012160 11.902569 0.000000 0.000000 0.000000 1.000000
0.050703 -0.053439 -0.997283 5.437915 -0.068744 0.996012 -0.056866 84.660477 0.996345 0.071440 0.046827 11.273397 0.000000 0.000000 0.000000 1.000000
0.086274 -0.055059 -0.994749 5.309589 -0.071729 0.995537 -0.061323 85.125931 0.993686 0.076643 0.081940 10.554733 0.000000 0.000000 0.000000 1.000000
0.121906 -0.057575 -0.990870 5.175292 -0.075753 0.994865 -0.067127 85.582954 0.989647 0.083245 0.116919 9.794971 0.000000 0.000000 0.000000 1.000000
0.157438 -0.055614 -0.985962 5.007645 -0.079100 0.994495 -0.068726 86.013985 0.984356 0.088810 0.152172 9.004887 0.000000 0.000000 0.000000 1.000000
0.192412 -0.049637 -0.980058 4.796769 -0.080298 0.994574 -0.066137 86.388649 0.978023 0.091422 0.187383 8.176355 0.000000 0.000000 0.000000 1.000000
0.226591 -0.044093 -0.972992 4.556530 -0.079254 0.994827 -0.063539 86.694847 0.970760 0.091510 0.221924 7.309915 0.000000 0.000000 0.000000 1.000000
0.260315 -0.040994 -0.964653 4.286364 -0.076868 0.995047 -0.063029 86.975212 0.962459 0.090558 0.255875 6.411868 0.000000 0.000000 0.000000 1.000000
0.293619 -0.039395 -0.955110 3.963727 -0.074456 0.995173 -0.063936 87.276550 0.953018 0.089886 0.289269 5.481291 0.000000 0.000000 0.000000 1.000000
0.326055 -0.037986 -0.944587 3.577644 -0.072818 0.995215 -0.065158 87.608971 0.942542 0.090028 0.321729 4.526089 0.000000 0.000000 0.000000 1.000000
0.357444 -0.035853 -0.933246 3.147141 -0.070726 0.995354 -0.065328 87.964134 0.931253 0.089355 0.353247 3.565464 0.000000 0.000000 0.000000 1.000000
0.387420 -0.033054 -0.921310 2.701812 -0.065925 0.995805 -0.063449 88.318085 0.919543 0.085319 0.383616 2.620660 0.000000 0.000000 0.000000 1.000000
0.415149 -0.030867 -0.909229 2.252652 -0.058201 0.996476 -0.060402 88.634659 0.907890 0.077994 0.411890 1.726733 0.000000 0.000000 0.000000 1.000000
0.440012 -0.030492 -0.897474 1.797872 -0.049149 0.997107 -0.057974 88.892326 0.896646 0.069619 0.437240 0.916375 0.000000 0.000000 0.000000 1.000000
0.461481 -0.031904 -0.886576 1.348157 -0.039829 0.997600 -0.056632 89.104614 0.886255 0.061446 0.459103 0.169218 0.000000 0.000000 0.000000 1.000000
0.478670 -0.034410 -0.877320 0.927460 -0.030229 0.997993 -0.055636 89.312630 0.877474 0.053152 0.476669 -0.588529 0.000000 0.000000 0.000000 1.000000
0.491253 -0.038067 -0.870185 0.544610 -0.019838 0.998296 -0.054871 89.545685 0.870791 0.044218 0.489661 -1.418759 0.000000 0.000000 0.000000 1.000000
0.500849 -0.043613 -0.864435 0.182518 -0.008100 0.998450 -0.055067 89.792953 0.865497 0.034582 0.499719 -2.323594 0.000000 0.000000 0.000000 1.000000
0.509757 -0.050946 -0.858808 -0.174863 0.004503 0.998389 -0.056554 90.015961 0.860306 0.024962 0.509166 -3.259058 0.000000 0.000000 0.000000 1.000000
0.518227 -0.059139 -0.853196 -0.520187 0.016391 0.998110 -0.059228 90.163483 0.855086 0.016708 0.518217 -4.180694 0.000000 0.000000 0.000000 1.000000
0.524390 -0.068795 -0.848695 -0.826888 0.027336 0.997577 -0.063973 90.182487 0.851039 0.010347 0.525000 -5.077003 0.000000 0.000000 0.000000 1.000000
0.526547 -0.081169 -0.846262 -1.069694 0.038555 0.996687 -0.071608 90.055946 0.849271 0.005077 0.527932 -5.958751 0.000000 0.000000 0.000000 1.000000
0.524598 -0.094191 -0.846123 -1.253035 0.049604 0.995554 -0.080071 89.809113 0.849904 0.000034 0.526938 -6.826645 0.000000 0.000000 0.000000 1.000000
0.519453 -0.104059 -0.848140 -1.396525 0.058569 0.994559 -0.086152 89.449295 0.852490 -0.004923 0.522721 -7.654592 0.000000 0.000000 0.000000 1.000000
0.511401 -0.110585 -0.852197 -1.489707 0.065221 0.993820 -0.089824 88.951546 0.856863 -0.009645 0.515453 -8.381681 0.000000 0.000000 0.000000 1.000000
0.499057 -0.116028 -0.858766 -1.508514 0.070876 0.993141 -0.092996 88.324127 0.863666 -0.014456 0.503858 -8.950733 0.000000 0.000000 0.000000 1.000000
0.480735 -0.120439 -0.868555 -1.458974 0.076062 0.992516 -0.095529 87.616043 0.873561 -0.020140 0.486298 -9.348687 0.000000 0.000000 0.000000 1.000000
0.458053 -0.121722 -0.880552 -1.361776 0.080538 0.992189 -0.095259 86.858322 0.885269 -0.027284 0.464279 -9.568608 0.000000 0.000000 0.000000 1.000000
0.435322 -0.118452 -0.892448 -1.227311 0.084470 0.992307 -0.090503 86.057411 0.896303 -0.035988 0.441979 -9.578994 0.000000 0.000000 0.000000 1.000000
0.413727 -0.111833 -0.903506 -1.073843 0.088435 0.992670 -0.082374 85.228783 0.906095 -0.045821 0.420585 -9.352073 0.000000 0.000000 0.000000 1.000000
0.390522 -0.105615 -0.914515 -0.914097 0.092811 0.992853 -0.075030 84.396255 0.915903 -0.055576 0.397533 -8.893744 0.000000 0.000000 0.000000 1.000000
0.363727 -0.102079 -0.925895 -0.734164 0.097295 0.992704 -0.071223 83.597054 0.926410 -0.064179 0.371005 -8.241773 0.000000 0.000000 0.000000 1.000000
0.334233 -0.097671 -0.937416 -0.531786 0.100878 0.992609 -0.067454 82.860146 0.937076 -0.072020 0.341615 -7.449176 0.000000 0.000000 0.000000 1.000000
0.303401 -0.086690 -0.948911 -0.337042 0.102586 0.993036 -0.057921 82.176674 0.947325 -0.079772 0.310181 -6.571772 0.000000 0.000000 0.000000 1.000000
0.270833 -0.068624 -0.960177 -0.179613 0.102610 0.993831 -0.042086 81.519226 0.957142 -0.087125 0.276204 -5.664786 0.000000 0.000000 0.000000 1.000000
0.235368 -0.048744 -0.970683 -0.044624 0.102104 0.994455 -0.025180 80.885849 0.966528 -0.093184 0.239039 -4.761795 0.000000 0.000000 0.000000 1.000000
0.197517 -0.032323 -0.979766 0.110540 0.101552 0.994754 -0.012345 80.292618 0.975025 -0.097058 0.199763 -3.861817 0.000000 0.000000 0.000000 1.000000
0.159094 -0.020862 -0.987043 0.282927 0.099877 0.994988 -0.004932 79.757217 0.982198 -0.097798 0.160380 -2.957173 0.000000 0.000000 0.000000 1.000000
0.121424 -0.013573 -0.992508 0.431354 0.096087 0.995371 -0.001857 79.296150 0.987939 -0.095141 0.122166 -2.053425 0.000000 0.000000 0.000000 1.000000
0.086311 -0.009998 -0.996218 0.553188 0.090983 0.995850 -0.002111 78.918015 0.992105 -0.090457 0.086863 -1.146753 0.000000 0.000000 0.000000 1.000000
0.055191 -0.009871 -0.998427 0.681152 0.085745 0.996304 -0.005110 78.613434 0.994787 -0.085328 0.055833 -0.217042 0.000000 0.000000 0.000000 1.000000
0.026851 -0.012111 -0.999566 0.823037 0.080187 0.996730 -0.009923 78.356506 0.996418 -0.079886 0.027734 0.750241 0.000000 0.000000 0.000000 1.000000
0.000070 -0.015621 -0.999878 0.954070 0.073682 0.997160 -0.015573 78.144905 0.997282 -0.073672 0.001221 1.755428 0.000000 0.000000 0.000000 1.000000
-0.024543 -0.019755 -0.999504 1.056288 0.066193 0.997579 -0.021342 78.027954 0.997505 -0.066684 -0.023176 2.774826 0.000000 0.000000 0.000000 1.000000
-0.046427 -0.024112 -0.998631 1.142286 0.057535 0.997984 -0.026771 78.056000 0.997263 -0.058699 -0.044946 3.779416 0.000000 0.000000 0.000000 1.000000
-0.065497 -0.028497 -0.997446 1.227058 0.047442 0.998373 -0.031638 78.224876 0.996724 -0.049393 -0.064039 4.771179 0.000000 0.000000 0.000000 1.000000
-0.080971 -0.033285 -0.996160 1.296008 0.037089 0.998649 -0.036383 78.497955 0.996026 -0.039893 -0.079627 5.754435 0.000000 0.000000 0.000000 1.000000
-0.092708 -0.039303 -0.994917 1.329441 0.028036 0.998721 -0.042065 78.848541 0.995299 -0.031793 -0.091488 6.704693 0.000000 0.000000 0.000000 1.000000
-0.102365 -0.046974 -0.993637 1.340223 0.019132 0.998607 -0.049180 79.276527 0.994563 -0.024045 -0.101324 7.588572 0.000000 0.000000 0.000000 1.000000
-0.110535 -0.055421 -0.992326 1.353117 0.007808 0.998365 -0.056628 79.793419 0.993842 -0.014008 -0.109922 8.388232 0.000000 0.000000 0.000000 1.000000
-0.114802 -0.063206 -0.991376 1.363020 -0.005351 0.997999 -0.063009 80.387451 0.993374 -0.001929 -0.114910 9.093770 0.000000 0.000000 0.000000 1.000000
-0.112288 -0.069817 -0.991220 1.348405 -0.016741 0.997520 -0.068364 81.015198 0.993535 0.008918 -0.113178 9.666434 0.000000 0.000000 0.000000 1.000000
-0.102408 -0.075185 -0.991897 1.308424 -0.024012 0.997036 -0.073095 81.633568 0.994453 0.016332 -0.103910 10.028317 0.000000 0.000000 0.000000 1.000000
-0.085756 -0.078862 -0.993190 1.257375 -0.027671 0.996666 -0.076749 82.214699 0.995932 0.020901 -0.087653 10.123302 0.000000 0.000000 0.000000 1.000000
-0.061606 -0.080563 -0.994844 1.186129 -0.028048 0.996483 -0.078959 82.751099 0.997706 0.023039 -0.063649 9.979950 0.000000 0.000000 0.000000 1.000000
-0.028796 -0.081464 -0.996260 1.062447 -0.023165 0.996460 -0.080810 83.242882 0.999317 0.020751 -0.030581 9.669384 0.000000 0.000000 0.000000 1.000000
0.011068 -0.083099 -0.996480 0.870990 -0.012257 0.996455 -0.083233 83.709717 0.999864 0.013135 0.010010 9.220389 0.000000 0.000000 0.000000 1.000000
0.052493 -0.084212 -0.995064 0.641476 0.000901 0.996442 -0.084281 84.194260 0.998621 0.003527 0.052382 8.619570 0.000000 0.000000 0.000000 1.000000
0.089923 -0.082368 -0.992537 0.417876 0.012088 0.996591 -0.081610 84.719803 0.995875 -0.004659 0.090612 7.896769 0.000000 0.000000 0.000000 1.000000
0.122075 -0.078330 -0.989425 0.206879 0.021303 0.996858 -0.076290 85.275200 0.992292 -0.011764 0.123360 7.123007 0.000000 0.000000 0.000000 1.000000
0.151386 -0.074803 -0.985640 -0.021970 0.031008 0.997001 -0.070902 85.847939 0.987988 -0.019829 0.153251 6.356318 0.000000 0.000000 0.000000 1.000000
0.180627 -0.073327 -0.980815 -0.284997 0.042305 0.996873 -0.066737 86.454826 0.982641 -0.029439 0.183164 5.619590 0.000000 0.000000 0.000000 1.000000
0.210481 -0.074446 -0.974759 -0.565461 0.053709 0.996471 -0.064506 87.125534 0.976121 -0.038776 0.213737 4.899970 0.000000 0.000000 0.000000 1.000000
0.240213 -0.078075 -0.967575 -0.846204 0.063562 0.995886 -0.064580 87.857513 0.968637 -0.045988 0.244187 4.174120 0.000000 0.000000 0.000000 1.000000
0.269784 -0.083673 -0.959279 -1.129122 0.072221 0.995170 -0.066492 88.607124 0.960209 -0.051341 0.274524 3.431468 0.000000 0.000000 0.000000 1.000000
0.299796 -0.090687 -0.949683 -1.422110 0.080668 0.994316 -0.069484 89.318085 0.950587 -0.055778 0.305408 2.674747 0.000000 0.000000 0.000000 1.000000
0.329743 -0.098981 -0.938867 -1.719799 0.088700 0.993338 -0.073571 89.938477 0.939894 -0.059018 0.336326 1.910712 0.000000 0.000000 0.000000 1.000000
0.357857 -0.108968 -0.927397 -1.998444 0.095615 0.992223 -0.079689 90.412735 0.928868 -0.060156 0.365493 1.135770 0.000000 0.000000 0.000000 1.000000
0.383311 -0.121406 -0.915605 -2.253228 0.101887 0.990831 -0.088727 90.694427 0.917982 -0.059278 0.392167 0.341275 0.000000 0.000000 0.000000 1.000000
0.406804 -0.136266 -0.903295 -2.383302 0.108500 0.989020 -0.100334 90.785233 0.907049 -0.057191 0.417122 -0.464961 0.000000 0.000000 0.000000 1.000000
0.428339 -0.152217 -0.890705 -2.473729 0.115467 0.986849 -0.113120 90.724075 0.896210 -0.054393 0.440283 -1.270228 0.000000 0.000000 0.000000 1.000000
0.446514 -0.168611 -0.878746 -2.546296 0.122500 0.984357 -0.126630 90.553818 0.886351 -0.051104 0.460184 -2.074697 0.000000 0.000000 0.000000 1.000000
0.460591 -0.186777 -0.867738 -2.610024 0.130129 0.981256 -0.142139 90.290611 0.878022 -0.047450 0.476263 -2.869237 0.000000 0.000000 0.000000 1.000000
0.471049 -0.207329 -0.857396 -2.652559 0.138820 0.977298 -0.160057 89.932137 0.871115 -0.043629 0.489137 -3.625224 0.000000 0.000000 0.000000 1.000000
0.477683 -0.227012 -0.848696 -2.668132 0.147676 0.973041 -0.177154 89.488174 0.866031 -0.040709 0.498329 -4.333241 0.000000 0.000000 0.000000 1.000000
0.479540 -0.241733 -0.843568 -2.664850 0.155547 0.969502 -0.189398 88.974152 0.863624 -0.040390 0.502516 -5.006124 0.000000 0.000000 0.000000 1.000000
0.476762 -0.250161 -0.842685 -2.653338 0.161937 0.967238 -0.195517 88.412033 0.863988 -0.043247 0.501652 -5.638221 0.000000 0.000000 0.000000 1.000000
0.471043 -0.253235 -0.844980 -2.636914 0.166688 0.966202 -0.196643 87.816063 0.866218 -0.048220 0.497334 -6.207281 0.000000 0.000000 0.000000 1.000000
0.463784 -0.253474 -0.848914 -2.605407 0.170101 0.965848 -0.195458 87.186951 0.869465 -0.053750 0.491061 -6.712682 0.000000 0.000000 0.000000 1.000000
0.454581 -0.253562 -0.853851 -2.549757 0.172763 0.965519 -0.194746 86.520035 0.873790 -0.058986 0.482713 -7.171216 0.000000 0.000000 0.000000 1.000000
0.442495 -0.253844 -0.860094 -2.472176 0.174482 0.965142 -0.195081 85.804008 0.879633 -0.063749 0.471362 -7.562705 0.000000 0.000000 0.000000 1.000000
0.427694 -0.251713 -0.868170 -2.373751 0.174142 0.965398 -0.194114 85.024292 0.886991 -0.068163 0.456729 -7.815288 0.000000 0.000000 0.000000 1.000000
0.411199 -0.245037 -0.877993 -2.251498 0.171654 0.966775 -0.189423 84.191521 0.895237 -0.072821 0.439599 -7.889741 0.000000 0.000000 0.000000 1.000000
0.394679 -0.234690 -0.888341 -2.108705 0.168914 0.968884 -0.180922 83.360100 0.903159 -0.078647 0.422041 -7.837038 0.000000 0.000000 0.000000 1.000000
0.378988 -0.224029 -0.897875 -1.950073 0.167858 0.970801 -0.171373 82.583130 0.910050 -0.085767 0.405527 -7.718557 0.000000 0.000000 0.000000 1.000000
0.362130 -0.216688 -0.906591 -1.764701 0.168246 0.971825 -0.165076 81.862617 0.916818 -0.092752 0.388384 -7.513802 0.000000 0.000000 0.000000 1.000000
0.342035 -0.211488 -0.915579 -1.534227 0.168202 0.972387 -0.161774 81.158264 0.924511 -0.098670 0.368163 -7.158528 0.000000 0.000000 0.000000 1.000000
0.318682 -0.201941 -0.926100 -1.246473 0.166182 0.973812 -0.155159 80.456841 0.933180 -0.104455 0.343895 -6.606009 0.000000 0.000000 0.000000 1.000000
0.292889 -0.182098 -0.938646 -0.924484 0.161472 0.977017 -0.139158 79.779770 0.942413 -0.110807 0.315562 -5.905640 0.000000 0.000000 0.000000 1.000000
0.264785 -0.155488 -0.951689 -0.611113 0.154750 0.980975 -0.117218 79.172844 0.951809 -0.116237 0.283809 -5.132907 0.000000 0.000000 0.000000 1.000000
0.235132 -0.130758 -0.963128 -0.339304 0.147186 0.984272 -0.097696 78.667145 0.960754 -0.118788 0.250680 -4.308363 0.000000 0.000000 0.000000 1.000000
0.205451 -0.111646 -0.972278 -0.113743 0.139056 0.986722 -0.083921 78.265556 0.968738 -0.117960 0.218248 -3.406646 0.000000 0.000000 0.000000 1.000000
0.178698 -0.096294 -0.979181 0.115048 0.131305 0.988631 -0.073261 77.966385 0.975103 -0.115480 0.189310 -2.408668 0.000000 0.000000 0.000000 1.000000
0.153065 -0.082044 -0.984805 0.302831 0.122021 0.990491 -0.063552 77.801468 0.980654 -0.110439 0.161620 -1.425438 0.000000 0.000000 0.000000 1.000000
0.118950 -0.067959 -0.990572 0.441018 0.104961 0.992926 -0.055516 77.792419 0.987337 -0.097368 0.125242 -0.645431 0.000000 0.000000 0.000000 1.000000
0.074521 -0.055321 -0.995684 0.529154 0.080469 0.995538 -0.049290 77.918365 0.993968 -0.076448 0.078640 -0.019957 0.000000 0.000000 0.000000 1.000000</float_array>
        <technique_common>
          <accessor source="#mixamorig_Hips-Matrix-animation-output-transform-array" count="225" stride="16">
            <param type="float4x4"/>
          </accessor>
        </technique_common>
      </source>
      <source id="mixamorig_Hips-Interpolations">
        <Name_array id="mixamorig_Hips-Interpolations-array" count="225">
 LINEAR LINEAR LINEAR LINEAR LINEAR LINEAR LINEAR LINEAR LINEAR LINEAR LINEAR
LINEAR LINEAR LINEAR LINEAR LINEAR LINEAR LINEAR LINEAR LINEAR LINEAR LINEAR LINEAR
LINEAR LINEAR LINEAR LINEAR LINEAR LINEAR LINEAR LINEAR LINEAR LINEAR LINEAR LINEAR
LINEAR LINEAR LINEAR LINEAR LINEAR LINEAR LINEAR LINEAR LINEAR LINEAR LINEAR LINEAR
LINEAR LINEAR LINEAR LINEAR LINEAR LINEAR LINEAR LINEAR LINEAR LINEAR LINEAR LINEAR
LINEAR LINEAR LINEAR LINEAR LINEAR LINEAR LINEAR LINEAR LINEAR LINEAR LINEAR LINEAR
LINEAR LINEAR LINEAR LINEAR LINEAR LINEAR LINEAR LINEAR LINEAR LINEAR LINEAR LINEAR
LINEAR LINEAR LINEAR LINEAR LINEAR LINEAR LINEAR LINEAR LINEAR LINEAR LINEAR LINEAR
LINEAR LINEAR LINEAR LINEAR LINEAR LINEAR LINEAR LINEAR LINEAR LINEAR LINEAR LINEAR
LINEAR LINEAR LINEAR LINEAR LINEAR LINEAR LINEAR LINEAR LINEAR LINEAR LINEAR LINEAR
LINEAR LINEAR LINEAR LINEAR LINEAR LINEAR LINEAR LINEAR LINEAR LINEAR LINEAR LINEAR
LINEAR LINEAR LINEAR LINEAR LINEAR LINEAR LINEAR LINEAR LINEAR LINEAR LINEAR LINEAR
LINEAR LINEAR LINEAR LINEAR LINEAR LINEAR LINEAR LINEAR LINEAR LINEAR LINEAR LINEAR
LINEAR LINEAR LINEAR LINEAR LINEAR LINEAR LINEAR LINEAR LINEAR LINEAR LINEAR LINEAR
LINEAR LINEAR LINEAR LINEAR LINEAR LINEAR LINEAR LINEAR LINEAR LINEAR LINEAR LINEAR
LINEAR LINEAR LINEAR LINEAR LINEAR LINEAR LINEAR LINEAR LINEAR LINEAR LINEAR LINEAR
LINEAR LINEAR LINEAR LINEAR LINEAR LINEAR LINEAR LINEAR LINEAR LINEAR LINEAR LINEAR
LINEAR LINEAR LINEAR LINEAR LINEAR LINEAR LINEAR LINEAR LINEAR LINEAR LINEAR LINEAR
LINEAR LINEAR LINEAR LINEAR LINEAR LINEAR LINEAR LINEAR LINEAR LINEAR</Name_array>
        <technique_common>
          <accessor source="#mixamorig_Hips-Interpolations-array" count="225">
            <param type="name"/>
          </accessor>
        </technique_common>
      </source>
      <sampler id="mixamorig_Hips-Matrix-animation-transform">
        <input semantic="INPUT" source="#mixamorig_Hips-Matrix-animation-input"/>
        <input semantic="OUTPUT" source="#mixamorig_Hips-Matrix-animation-output-transform"/>
        <input semantic="INTERPOLATION" source="#mixamorig_Hips-Interpolations"/>
      </sampler>
      <channel source="#mixamorig_Hips-Matrix-animation-transform" target="mixamorig_Hips/matrix"/>
    </animation>
    <animation id="mixamorig_Spine-anim" name="mixamorig_Spine">
      <source id="mixamorig_Spine-Matrix-animation-input">
        <float_array id="mixamorig_Spine-Matrix-animation-input-array" count="225">

0.000000 0.033333 0.066667 0.100000 0.133333 0.166667 0.200000 0.233333 0.266667 0.300000 0.333333 0.366667 0.400000 0.433333 0.466667 0.500000
