<?xml version="1.0" encoding="utf-8"?>
<COLLADA xmlns="http://www.collada.org/2005/11/COLLADASchema" version="1.4.1">
  <asset>
    <contributor>
      <author>Mixamo</author>
      <authoring_tool>COLLADA Mixamo exporter</authoring_tool>
      <comments/>
    </contributor>
    <created>2025-02-06T17:38:58Z</created>
    <modified>2025-02-06T17:38:58Z</modified>
    <revision/>
    <title/>
    <unit meter="0.010000"/>
    <up_axis>Y_UP</up_axis>
  </asset>
  <library_animations>
    <animation id="mixamorig_Hips-anim" name="mixamorig_Hips">
      <source id="mixamorig_Hips-Matrix-animation-input">
        <float_array id="mixamorig_Hips-Matrix-animation-input-array" count="251">

0.000000 0.033333 0.066667 0.100000 0.133333 0.166667 0.200000 0.233333 0.266667 0.300000 0.333333 0.366667 0.400000 0.433333 0.466667 0.500000
0.533333 0.566667 0.600000 0.633333 0.666667 0.700000 0.733333 0.766667 0.800000 0.833333 0.866667 0.900000 0.933333 0.966667 1.000000 1.033333
1.066667 1.100000 1.133333 1.166667 1.200000 1.233333 1.266667 1.300000 1.333333 1.366667 1.400000 1.433333 1.466667 1.500000 1.533333 1.566667
1.600000 1.633333 1.666667 1.700000 1.733333 1.766667 1.800000 1.833333 1.866667 1.900000 1.933333 1.966667 2.000000 2.033333 2.066667 2.100000
2.133333 2.166667 2.200000 2.233333 2.266667 2.300000 2.333333 2.366667 2.400000 2.433333 2.466667 2.500000 2.533333 2.566667 2.600000 2.633333
2.666667 2.700000 2.733333 2.766667 2.800000 2.833333 2.866667 2.900000 2.933333 2.966667 3.000000 3.033333 3.066667 3.100000 3.133333 3.166667
3.200000 3.233333 3.266667 3.300000 3.333333 3.366667 3.400000 3.433333 3.466667 3.500000 3.533333 3.566667 3.600000 3.633333 3.666667 3.700000
3.733333 3.766667 3.800000 3.833333 3.866667 3.900000 3.933333 3.966667 4.000000 4.033333 4.066667 4.100000 4.133333 4.166667 4.200000 4.233333
4.266667 4.300000 4.333333 4.366667 4.400000 4.433333 4.466667 4.500000 4.533333 4.566667 4.600000 4.633333 4.666667 4.700000 4.733333 4.766667
4.800000 4.833333 4.866667 4.900000 4.933333 4.966667 5.000000 5.033333 5.066667 5.100000 5.133333 5.166667 5.200000 5.233333 5.266667 5.300000
5.333333 5.366667 5.400000 5.433333 5.466667 5.500000 5.533333 5.566667 5.600000 5.633333 5.666667 5.700000 5.733333 5.766667 5.800000 5.833333
5.866667 5.900000 5.933333 5.966667 6.000000 6.033333 6.066667 6.100000 6.133333 6.166667 6.200000 6.233333 6.266667 6.300000 6.333333 6.366667
6.400000 6.433333 6.466667 6.500000 6.533333 6.566667 6.600000 6.633333 6.666667 6.700000 6.733333 6.766667 6.800000 6.833333 6.866667 6.900000
6.933333 6.966667 7.000000 7.033333 7.066667 7.100000 7.133333 7.166667 7.200000 7.233333 7.266667 7.300000 7.333333 7.366667 7.400000 7.433333
7.466667 7.500000 7.533333 7.566667 7.600000 7.633333 7.666667 7.700000 7.733333 7.766667 7.800000 7.833333 7.866667 7.900000 7.933333 7.966667
8.000000 8.033333 8.066667 8.100000 8.133333 8.166667 8.200000 8.233333 8.266667 8.300000 8.333333</float_array>
        <technique_common>
          <accessor source="#mixamorig_Hips-Matrix-animation-input-array" count="251">
            <param name="TIME" type="float"/>
          </accessor>
        </technique_common>
      </source>
      <source id="mixamorig_Hips-Matrix-animation-output-transform">
        <float_array id="mixamorig_Hips-Matrix-animation-output-transform-array" count="4016">

0.995343 0.092387 0.027517 0.216729 -0.092844 0.995555 0.015794 109.618462 -0.025935 -0.018276 0.999497 0.276764 0.000000 0.000000 0.000000 1.000000
0.995333 0.092475 0.027587 0.229587 -0.092930 0.995549 0.015672 109.621162 -0.026014 -0.018163 0.999497 0.307764 0.000000 0.000000 0.000000 1.000000
0.995318 0.092585 0.027755 0.242166 -0.093040 0.995540 0.015584 109.625267 -0.026189 -0.018094 0.999493 0.339128 0.000000 0.000000 0.000000 1.000000
0.995300 0.092710 0.027991 0.254746 -0.093168 0.995530 0.015510 109.629631 -0.026428 -0.018045 0.999488 0.370331 0.000000 0.000000 0.000000 1.000000
0.995281 0.092846 0.028219 0.267741 -0.093305 0.995518 0.015428 109.632866 -0.026660 -0.017988 0.999483 0.400565 0.000000 0.000000 0.000000 1.000000
0.995264 0.092983 0.028360 0.281238 -0.093443 0.995507 0.015336 109.634483 -0.026807 -0.017914 0.999480 0.429111 0.000000 0.000000 0.000000 1.000000
0.995248 0.093135 0.028399 0.295343 -0.093594 0.995494 0.015256 109.635323 -0.026850 -0.017841 0.999480 0.455825 0.000000 0.000000 0.000000 1.000000
0.995232 0.093315 0.028376 0.309933 -0.093772 0.995478 0.015203 109.636322 -0.026829 -0.017792 0.999482 0.481017 0.000000 0.000000 0.000000 1.000000
0.995213 0.093530 0.028342 0.325098 -0.093985 0.995458 0.015170 109.637337 -0.026795 -0.017761 0.999483 0.505008 0.000000 0.000000 0.000000 1.000000
0.995190 0.093775 0.028343 0.340777 -0.094229 0.995436 0.015128 109.637154 -0.026795 -0.017726 0.999484 0.527697 0.000000 0.000000 0.000000 1.000000
0.995162 0.094051 0.028403 0.357155 -0.094504 0.995411 0.015049 109.635216 -0.026857 -0.017660 0.999483 0.548591 0.000000 0.000000 0.000000 1.000000
0.995130 0.094363 0.028499 0.374050 -0.094814 0.995383 0.014908 109.632408 -0.026961 -0.017538 0.999483 0.567227 0.000000 0.000000 0.000000 1.000000
0.995097 0.094689 0.028548 0.390789 -0.095135 0.995356 0.014682 109.630409 -0.027026 -0.017326 0.999485 0.583475 0.000000 0.000000 0.000000 1.000000
0.995072 0.094984 0.028464 0.406398 -0.095420 0.995334 0.014355 109.630768 -0.026967 -0.017000 0.999492 0.597517 0.000000 0.000000 0.000000 1.000000
0.995057 0.095200 0.028257 0.420273 -0.095621 0.995320 0.013937 109.633911 -0.026798 -0.016570 0.999504 0.609613 0.000000 0.000000 0.000000 1.000000
0.995052 0.095313 0.028057 0.433067 -0.095718 0.995317 0.013466 109.639717 -0.026642 -0.016085 0.999516 0.620087 0.000000 0.000000 0.000000 1.000000
0.995053 0.095322 0.028001 0.446385 -0.095713 0.995324 0.012979 109.647736 -0.026633 -0.015595 0.999524 0.629555 0.000000 0.000000 0.000000 1.000000
0.995056 0.095255 0.028124 0.461506 -0.095635 0.995338 0.012498 109.656715 -0.026802 -0.015125 0.999526 0.638968 0.000000 0.000000 0.000000 1.000000
0.995058 0.095163 0.028344 0.478248 -0.095534 0.995353 0.012037 109.664520 -0.027067 -0.014686 0.999526 0.649149 0.000000 0.000000 0.000000 1.000000
0.995057 0.095108 0.028557 0.495447 -0.095470 0.995364 0.011621 109.668953 -0.027319 -0.014290 0.999525 0.660252 0.000000 0.000000 0.000000 1.000000
0.995052 0.095120 0.028711 0.511972 -0.095476 0.995368 0.011270 109.669891 -0.027506 -0.013955 0.999524 0.671720 0.000000 0.000000 0.000000 1.000000
0.995042 0.095189 0.028810 0.527419 -0.095539 0.995365 0.010991 109.669388 -0.027630 -0.013689 0.999524 0.682838 0.000000 0.000000 0.000000 1.000000
0.995032 0.095278 0.028860 0.541956 -0.095622 0.995359 0.010780 109.670685 -0.027699 -0.013486 0.999525 0.693032 0.000000 0.000000 0.000000 1.000000
0.995027 0.095349 0.028819 0.555856 -0.095689 0.995355 0.010627 109.675117 -0.027672 -0.013332 0.999528 0.701608 0.000000 0.000000 0.000000 1.000000
0.995028 0.095393 0.028619 0.569421 -0.095726 0.995352 0.010511 109.681778 -0.027484 -0.013198 0.999535 0.707437 0.000000 0.000000 0.000000 1.000000
0.995037 0.095419 0.028233 0.583082 -0.095744 0.995352 0.010392 109.688164 -0.027111 -0.013044 0.999547 0.709225 0.000000 0.000000 0.000000 1.000000
0.995047 0.095466 0.027713 0.597250 -0.095780 0.995350 0.010230 109.691666 -0.026607 -0.012834 0.999564 0.706218 0.000000 0.000000 0.000000 1.000000
0.995051 0.095579 0.027155 0.612041 -0.095881 0.995342 0.010027 109.691277 -0.026070 -0.012581 0.999581 0.698655 0.000000 0.000000 0.000000 1.000000
0.995046 0.095778 0.026631 0.627523 -0.096068 0.995326 0.009841 109.687813 -0.025564 -0.012351 0.999597 0.687608 0.000000 0.000000 0.000000 1.000000
0.995034 0.096036 0.026148 0.643779 -0.096318 0.995303 0.009747 109.683472 -0.025089 -0.012218 0.999611 0.674607 0.000000 0.000000 0.000000 1.000000
0.995021 0.096299 0.025674 0.660993 -0.096576 0.995278 0.009772 109.680107 -0.024611 -0.012203 0.999623 0.661292 0.000000 0.000000 0.000000 1.000000
0.995011 0.096532 0.025188 0.679434 -0.096805 0.995254 0.009886 109.678345 -0.024114 -0.012275 0.999634 0.649031 0.000000 0.000000 0.000000 1.000000
0.995003 0.096737 0.024721 0.699103 -0.097009 0.995233 0.010039 109.677742 -0.023632 -0.012387 0.999644 0.638461 0.000000 0.000000 0.000000 1.000000
0.994993 0.096933 0.024349 0.719672 -0.097204 0.995212 0.010196 109.677223 -0.023244 -0.012512 0.999652 0.629258 0.000000 0.000000 0.000000 1.000000
0.994979 0.097128 0.024164 0.740781 -0.097400 0.995192 0.010330 109.675880 -0.023044 -0.012632 0.999655 0.620556 0.000000 0.000000 0.000000 1.000000
0.994959 0.097319 0.024213 0.762527 -0.097594 0.995172 0.010432 109.673660 -0.023080 -0.012743 0.999652 0.611899 0.000000 0.000000 0.000000 1.000000
0.994935 0.097503 0.024462 0.784853 -0.097783 0.995152 0.010526 109.671669 -0.023317 -0.012864 0.999645 0.603907 0.000000 0.000000 0.000000 1.000000
0.994908 0.097682 0.024810 0.807457 -0.097970 0.995132 0.010665 109.671196 -0.023647 -0.013042 0.999635 0.597953 0.000000 0.000000 0.000000 1.000000
0.994884 0.097851 0.025134 0.830169 -0.098149 0.995112 0.010895 109.672295 -0.023945 -0.013306 0.999625 0.594994 0.000000 0.000000 0.000000 1.000000
0.994864 0.098002 0.025340 0.852983 -0.098310 0.995093 0.011199 109.673615 -0.024118 -0.013633 0.999616 0.594647 0.000000 0.000000 0.000000 1.000000
0.994849 0.098139 0.025400 0.875664 -0.098455 0.995075 0.011513 109.673706 -0.024145 -0.013954 0.999611 0.595461 0.000000 0.000000 0.000000 1.000000
0.994836 0.098275 0.025364 0.896888 -0.098597 0.995058 0.011779 109.672577 -0.024081 -0.014219 0.999609 0.596136 0.000000 0.000000 0.000000 1.000000
0.994822 0.098424 0.025338 0.914882 -0.098751 0.995040 0.011999 109.671799 -0.024031 -0.014439 0.999607 0.596646 0.000000 0.000000 0.000000 1.000000
0.994804 0.098582 0.025420 0.928113 -0.098915 0.995021 0.012226 109.672676 -0.024088 -0.014677 0.999602 0.598219 0.000000 0.000000 0.000000 1.000000
0.994784 0.098724 0.025638 0.936467 -0.099068 0.995002 0.012511 109.675354 -0.024275 -0.014986 0.999593 0.602221 0.000000 0.000000 0.000000 1.000000
0.994766 0.098832 0.025944 0.941096 -0.099189 0.994986 0.012856 109.678627 -0.024543 -0.015362 0.999581 0.609067 0.000000 0.000000 0.000000 1.000000
0.994750 0.098909 0.026268 0.943345 -0.099280 0.994972 0.013213 109.681000 -0.024829 -0.015752 0.999568 0.618313 0.000000 0.000000 0.000000 1.000000
0.994734 0.098991 0.026566 0.943869 -0.099375 0.994958 0.013542 109.681335 -0.025091 -0.016111 0.999555 0.629624 0.000000 0.000000 0.000000 1.000000
0.994715 0.099107 0.026832 0.942595 -0.099503 0.994941 0.013846 109.679565 -0.025324 -0.016442 0.999544 0.643274 0.000000 0.000000 0.000000 1.000000
0.994695 0.099244 0.027080 0.939596 -0.099652 0.994922 0.014153 109.676712 -0.025538 -0.016777 0.999533 0.659452 0.000000 0.000000 0.000000 1.000000
0.994679 0.099341 0.027311 0.935873 -0.099761 0.994906 0.014473 109.674744 -0.025734 -0.017120 0.999522 0.677427 0.000000 0.000000 0.000000 1.000000
0.994674 0.099338 0.027502 0.932824 -0.099769 0.994901 0.014774 109.675293 -0.025894 -0.017439 0.999513 0.695773 0.000000 0.000000 0.000000 1.000000
0.994682 0.099226 0.027612 0.931269 -0.099665 0.994908 0.015020 109.678398 -0.025981 -0.017692 0.999506 0.713291 0.000000 0.000000 0.000000 1.000000
0.994698 0.099059 0.027616 0.930751 -0.099503 0.994921 0.015209 109.682007 -0.025969 -0.017876 0.999503 0.729344 0.000000 0.000000 0.000000 1.000000
0.994714 0.098928 0.027533 0.929970 -0.099375 0.994931 0.015367 109.683365 -0.025873 -0.018022 0.999503 0.743573 0.000000 0.000000 0.000000 1.000000
0.994719 0.098903 0.027419 0.927925 -0.099352 0.994931 0.015527 109.681274 -0.025744 -0.018169 0.999503 0.755756 0.000000 0.000000 0.000000 1.000000
0.994715 0.098974 0.027325 0.924827 -0.099425 0.994921 0.015694 109.677261 -0.025633 -0.018328 0.999503 0.766123 0.000000 0.000000 0.000000 1.000000
0.994711 0.099036 0.027249 0.921953 -0.099490 0.994912 0.015845 109.674652 -0.025541 -0.018472 0.999503 0.775425 0.000000 0.000000 0.000000 1.000000
0.994721 0.098968 0.027131 0.920360 -0.099423 0.994918 0.015944 109.676064 -0.025415 -0.018557 0.999505 0.784418 0.000000 0.000000 0.000000 1.000000
0.994749 0.098738 0.026915 0.920192 -0.099190 0.994940 0.015971 109.681175 -0.025202 -0.018556 0.999510 0.793368 0.000000 0.000000 0.000000 1.000000
0.994788 0.098434 0.026619 0.920396 -0.098878 0.994972 0.015929 109.687218 -0.024917 -0.018478 0.999519 0.802112 0.000000 0.000000 0.000000 1.000000
0.994821 0.098172 0.026336 0.919850 -0.098609 0.995000 0.015837 109.691727 -0.024650 -0.018352 0.999528 0.810554 0.000000 0.000000 0.000000 1.000000
0.994842 0.097999 0.026170 0.917880 -0.098430 0.995020 0.015709 109.694351 -0.024500 -0.018203 0.999534 0.819063 0.000000 0.000000 0.000000 1.000000
0.994854 0.097878 0.026168 0.914412 -0.098305 0.995035 0.015555 109.696426 -0.024515 -0.018048 0.999537 0.828333 0.000000 0.000000 0.000000 1.000000
0.994863 0.097751 0.026305 0.909468 -0.098176 0.995050 0.015389 109.699509 -0.024671 -0.017892 0.999535 0.838958 0.000000 0.000000 0.000000 1.000000
0.994874 0.097589 0.026516 0.903123 -0.098014 0.995069 0.015227 109.703773 -0.024899 -0.017748 0.999532 0.851073 0.000000 0.000000 0.000000 1.000000
0.994887 0.097397 0.026726 0.895781 -0.097822 0.995090 0.015084 109.708641 -0.025126 -0.017622 0.999529 0.864380 0.000000 0.000000 0.000000 1.000000
0.994903 0.097187 0.026886 0.888254 -0.097612 0.995112 0.014961 109.713547 -0.025301 -0.017509 0.999527 0.878346 0.000000 0.000000 0.000000 1.000000
0.994923 0.096961 0.026973 0.881495 -0.097384 0.995136 0.014844 109.717888 -0.025403 -0.017395 0.999526 0.892230 0.000000 0.000000 0.000000 1.000000
0.994945 0.096728 0.026984 0.875832 -0.097148 0.995161 0.014722 109.721252 -0.025430 -0.017269 0.999527 0.905113 0.000000 0.000000 0.000000 1.000000
0.994969 0.096500 0.026919 0.870497 -0.096916 0.995185 0.014599 109.723640 -0.025380 -0.017135 0.999531 0.916037 0.000000 0.000000 0.000000 1.000000
0.994993 0.096287 0.026772 0.864205 -0.096698 0.995208 0.014489 109.725685 -0.025248 -0.017005 0.999537 0.924335 0.000000 0.000000 0.000000 1.000000
0.995019 0.096083 0.026537 0.856202 -0.096487 0.995230 0.014387 109.728210 -0.025028 -0.016876 0.999544 0.929742 0.000000 0.000000 0.000000 1.000000
0.995048 0.095879 0.026222 0.846815 -0.096275 0.995252 0.014272 109.731064 -0.024729 -0.016726 0.999554 0.932140 0.000000 0.000000 0.000000 1.000000
0.995076 0.095689 0.025849 0.836782 -0.096075 0.995274 0.014126 109.733200 -0.024375 -0.016540 0.999566 0.931275 0.000000 0.000000 0.000000 1.000000
0.995099 0.095549 0.025445 0.826497 -0.095925 0.995291 0.013961 109.733696 -0.023992 -0.016333 0.999579 0.926859 0.000000 0.000000 0.000000 1.000000
0.995117 0.095474 0.025025 0.816054 -0.095839 0.995301 0.013802 109.732773 -0.023590 -0.016133 0.999592 0.919001 0.000000 0.000000 0.000000 1.000000
0.995132 0.095433 0.024580 0.805921 -0.095788 0.995308 0.013664 109.731468 -0.023161 -0.015951 0.999604 0.908524 0.000000 0.000000 0.000000 1.000000
0.995150 0.095374 0.024099 0.796981 -0.095718 0.995317 0.013533 109.730186 -0.022696 -0.015774 0.999618 0.896750 0.000000 0.000000 0.000000 1.000000
0.995172 0.095268 0.023607 0.789789 -0.095601 0.995330 0.013398 109.728630 -0.022220 -0.015591 0.999632 0.884886 0.000000 0.000000 0.000000 1.000000
0.995195 0.095127 0.023173 0.783972 -0.095451 0.995346 0.013278 109.726532 -0.021802 -0.015426 0.999643 0.873643 0.000000 0.000000 0.000000 1.000000
0.995216 0.094979 0.022881 0.778427 -0.095296 0.995361 0.013217 109.724724 -0.021520 -0.015335 0.999651 0.863471 0.000000 0.000000 0.000000 1.000000
0.995233 0.094833 0.022775 0.772059 -0.095150 0.995375 0.013254 109.724586 -0.021413 -0.015358 0.999653 0.854843 0.000000 0.000000 0.000000 1.000000
0.995245 0.094689 0.022839 0.764444 -0.095009 0.995386 0.013385 109.726486 -0.021466 -0.015492 0.999650 0.848049 0.000000 0.000000 0.000000 1.000000
0.995255 0.094535 0.023017 0.756031 -0.094862 0.995398 0.013559 109.729279 -0.021630 -0.015678 0.999643 0.842694 0.000000 0.000000 0.000000 1.000000
0.995265 0.094372 0.023251 0.747611 -0.094706 0.995411 0.013717 109.731064 -0.021850 -0.015854 0.999636 0.837709 0.000000 0.000000 0.000000 1.000000
0.995274 0.094222 0.023489 0.739440 -0.094563 0.995423 0.013837 109.730278 -0.022078 -0.015992 0.999628 0.831952 0.000000 0.000000 0.000000 1.000000
0.995278 0.094130 0.023698 0.731009 -0.094477 0.995429 0.013948 109.726715 -0.022277 -0.016121 0.999622 0.824783 0.000000 0.000000 0.000000 1.000000
0.995274 0.094131 0.023869 0.721299 -0.094484 0.995427 0.014096 109.720901 -0.022433 -0.016284 0.999616 0.816166 0.000000 0.000000 0.000000 1.000000
0.995261 0.094228 0.024009 0.709392 -0.094587 0.995414 0.014296 109.713539 -0.022552 -0.016500 0.999610 0.806623 0.000000 0.000000 0.000000 1.000000
0.995244 0.094382 0.024124 0.694832 -0.094748 0.995395 0.014522 109.705162 -0.022642 -0.016739 0.999603 0.797246 0.000000 0.000000 0.000000 1.000000
0.995227 0.094542 0.024201 0.677692 -0.094914 0.995376 0.014732 109.696373 -0.022697 -0.016958 0.999599 0.789627 0.000000 0.000000 0.000000 1.000000
0.995215 0.094662 0.024224 0.658110 -0.095039 0.995362 0.014906 109.688339 -0.022700 -0.017137 0.999595 0.785212 0.000000 0.000000 0.000000 1.000000
0.995210 0.094714 0.024196 0.636217 -0.095094 0.995354 0.015058 109.682617 -0.022657 -0.017287 0.999594 0.784366 0.000000 0.000000 0.000000 1.000000
0.995214 0.094683 0.024155 0.612296 -0.095065 0.995355 0.015197 109.680206 -0.022604 -0.017420 0.999593 0.785945 0.000000 0.000000 0.000000 1.000000
0.995225 0.094576 0.024143 0.587304 -0.094960 0.995363 0.015300 109.680695 -0.022584 -0.017519 0.999591 0.788041 0.000000 0.000000 0.000000 1.000000
0.995239 0.094420 0.024171 0.562541 -0.094806 0.995378 0.015327 109.682327 -0.022612 -0.017546 0.999590 0.789262 0.000000 0.000000 0.000000 1.000000
0.995254 0.094252 0.024201 0.539077 -0.094636 0.995395 0.015268 109.683357 -0.022651 -0.017486 0.999591 0.789395 0.000000 0.000000 0.000000 1.000000
0.995270 0.094093 0.024187 0.517017 -0.094475 0.995412 0.015156 109.683022 -0.022650 -0.017370 0.999593 0.788846 0.000000 0.000000 0.000000 1.000000
0.995284 0.093956 0.024128 0.496021 -0.094334 0.995427 0.015049 109.681549 -0.022603 -0.017254 0.999596 0.787746 0.000000 0.000000 0.000000 1.000000
0.995295 0.093847 0.024088 0.475737 -0.094223 0.995439 0.014971 109.679268 -0.022573 -0.017171 0.999598 0.785742 0.000000 0.000000 0.000000 1.000000
0.995301 0.093767 0.024157 0.456480 -0.094143 0.995447 0.014908 109.676315 -0.022649 -0.017112 0.999597 0.782504 0.000000 0.000000 0.000000 1.000000
0.995302 0.093704 0.024355 0.439084 -0.094082 0.995454 0.014827 109.672791 -0.022855 -0.017049 0.999593 0.778146 0.000000 0.000000 0.000000 1.000000
0.995303 0.093635 0.024590 0.423979 -0.094013 0.995462 0.014717 109.669510 -0.023100 -0.016959 0.999589 0.773092 0.000000 0.000000 0.000000 1.000000
0.995309 0.093535 0.024712 0.411022 -0.093912 0.995474 0.014585 109.667397 -0.023236 -0.016838 0.999588 0.767489 0.000000 0.000000 0.000000 1.000000
0.995324 0.093398 0.024654 0.399822 -0.093771 0.995489 0.014433 109.666725 -0.023195 -0.016677 0.999592 0.760870 0.000000 0.000000 0.000000 1.000000
0.995342 0.093243 0.024492 0.390355 -0.093608 0.995507 0.014241 109.667038 -0.023054 -0.016467 0.999599 0.752576 0.000000 0.000000 0.000000 1.000000
0.995358 0.093106 0.024369 0.382760 -0.093464 0.995524 0.013995 109.667229 -0.022957 -0.016208 0.999605 0.742557 0.000000 0.000000 0.000000 1.000000
0.995365 0.093029 0.024357 0.376822 -0.093381 0.995536 0.013718 109.666550 -0.022972 -0.015929 0.999609 0.731636 0.000000 0.000000 0.000000 1.000000
0.995363 0.093039 0.024399 0.371917 -0.093385 0.995539 0.013454 109.664719 -0.023039 -0.015670 0.999612 0.720883 0.000000 0.000000 0.000000 1.000000
0.995356 0.093120 0.024384 0.367778 -0.093461 0.995535 0.013225 109.661911 -0.023043 -0.015443 0.999615 0.710769 0.000000 0.000000 0.000000 1.000000
0.995351 0.093218 0.024243 0.365129 -0.093552 0.995529 0.013016 109.658997 -0.022921 -0.015223 0.999621 0.701175 0.000000 0.000000 0.000000 1.000000
0.995352 0.093273 0.023990 0.364703 -0.093598 0.995528 0.012795 109.657326 -0.022690 -0.014981 0.999630 0.692050 0.000000 0.000000 0.000000 1.000000
0.995359 0.093265 0.023703 0.366585 -0.093580 0.995532 0.012560 109.657860 -0.022426 -0.014720 0.999640 0.683777 0.000000 0.000000 0.000000 1.000000
0.995367 0.093237 0.023479 0.370221 -0.093544 0.995539 0.012332 109.660126 -0.022224 -0.014471 0.999648 0.676799 0.000000 0.000000 0.000000 1.000000
0.995368 0.093244 0.023402 0.375039 -0.093545 0.995541 0.012132 109.662430 -0.022166 -0.014265 0.999653 0.671125 0.000000 0.000000 0.000000 1.000000
0.995361 0.093300 0.023505 0.381066 -0.093599 0.995538 0.011955 109.663506 -0.022285 -0.014099 0.999652 0.666345 0.000000 0.000000 0.000000 1.000000
0.995349 0.093361 0.023746 0.388443 -0.093659 0.995535 0.011784 109.663391 -0.022540 -0.013953 0.999649 0.662083 0.000000 0.000000 0.000000 1.000000
0.995341 0.093376 0.024034 0.396970 -0.093675 0.995535 0.011621 109.662827 -0.022841 -0.013818 0.999644 0.658386 0.000000 0.000000 0.000000 1.000000
0.995338 0.093345 0.024279 0.405951 -0.093644 0.995539 0.011490 109.662369 -0.023098 -0.013710 0.999639 0.655727 0.000000 0.000000 0.000000 1.000000
0.995337 0.093312 0.024432 0.414599 -0.093612 0.995543 0.011419 109.662048 -0.023258 -0.013653 0.999636 0.654678 0.000000 0.000000 0.000000 1.000000
0.995335 0.093315 0.024488 0.422237 -0.093615 0.995543 0.011413 109.661980 -0.023313 -0.013652 0.999635 0.655423 0.000000 0.000000 0.000000 1.000000
0.995334 0.093339 0.024470 0.429041 -0.093640 0.995540 0.011448 109.662628 -0.023292 -0.013686 0.999635 0.657445 0.000000 0.000000 0.000000 1.000000
0.995334 0.093342 0.024425 0.435677 -0.093643 0.995540 0.011480 109.664307 -0.023244 -0.013713 0.999636 0.659752 0.000000 0.000000 0.000000 1.000000
0.995339 0.093304 0.024402 0.442721 -0.093604 0.995543 0.011476 109.666702 -0.023222 -0.013707 0.999636 0.661449 0.000000 0.000000 0.000000 1.000000
0.995343 0.093248 0.024429 0.449780 -0.093548 0.995549 0.011436 109.668900 -0.023254 -0.013668 0.999636 0.662215 0.000000 0.000000 0.000000 1.000000
0.995344 0.093223 0.024509 0.455864 -0.093523 0.995552 0.011389 109.670227 -0.023339 -0.013629 0.999635 0.662336 0.000000 0.000000 0.000000 1.000000
0.995338 0.093252 0.024644 0.460615 -0.093553 0.995550 0.011359 109.670692 -0.023475 -0.013611 0.999632 0.662328 0.000000 0.000000 0.000000 1.000000
0.995326 0.093319 0.024841 0.465036 -0.093622 0.995543 0.011336 109.670578 -0.023672 -0.013608 0.999627 0.662462 0.000000 0.000000 0.000000 1.000000
0.995313 0.093393 0.025086 0.470343 -0.093699 0.995536 0.011300 109.670250 -0.023919 -0.013598 0.999621 0.662626 0.000000 0.000000 0.000000 1.000000
0.995300 0.093471 0.025323 0.476368 -0.093779 0.995529 0.011267 109.669724 -0.024157 -0.013589 0.999616 0.662619 0.000000 0.000000 0.000000 1.000000
0.995286 0.093572 0.025480 0.481586 -0.093882 0.995519 0.011276 109.669174 -0.024310 -0.013615 0.999612 0.662418 0.000000 0.000000 0.000000 1.000000
0.995273 0.093699 0.025529 0.485252 -0.094012 0.995507 0.011339 109.668510 -0.024352 -0.013685 0.999610 0.662090 0.000000 0.000000 0.000000 1.000000
0.995261 0.093830 0.025515 0.488339 -0.094144 0.995493 0.011403 109.667732 -0.024330 -0.013751 0.999609 0.661553 0.000000 0.000000 0.000000 1.000000
0.995251 0.093943 0.025514 0.492412 -0.094257 0.995483 0.011406 109.666641 -0.024327 -0.013756 0.999609 0.660484 0.000000 0.000000 0.000000 1.000000
0.995238 0.094055 0.025579 0.498119 -0.094369 0.995473 0.011331 109.665062 -0.024397 -0.013691 0.999609 0.658573 0.000000 0.000000 0.000000 1.000000
0.995221 0.094205 0.025700 0.505121 -0.094517 0.995460 0.011225 109.663376 -0.024526 -0.013600 0.999607 0.655826 0.000000 0.000000 0.000000 1.000000
0.995200 0.094398 0.025809 0.513262 -0.094710 0.995443 0.011148 109.662422 -0.024639 -0.013538 0.999605 0.652770 0.000000 0.000000 0.000000 1.000000
0.995182 0.094581 0.025818 0.522895 -0.094893 0.995425 0.011129 109.663177 -0.024648 -0.013525 0.999605 0.650183 0.000000 0.000000 0.000000 1.000000
0.995175 0.094684 0.025706 0.534420 -0.094995 0.995415 0.011149 109.666267 -0.024533 -0.013537 0.999607 0.648470 0.000000 0.000000 0.000000 1.000000
0.995181 0.094670 0.025547 0.547843 -0.094979 0.995417 0.011166 109.670883 -0.024373 -0.013538 0.999611 0.647164 0.000000 0.000000 0.000000 1.000000
0.995191 0.094583 0.025459 0.562771 -0.094891 0.995425 0.011157 109.675621 -0.024288 -0.013520 0.999614 0.645304 0.000000 0.000000 0.000000 1.000000
0.995198 0.094504 0.025510 0.578364 -0.094812 0.995433 0.011151 109.679230 -0.024340 -0.013516 0.999612 0.642177 0.000000 0.000000 0.000000 1.000000
0.995196 0.094479 0.025660 0.593640 -0.094790 0.995434 0.011190 109.681801 -0.024486 -0.013569 0.999608 0.637700 0.000000 0.000000 0.000000 1.000000
0.995192 0.094482 0.025815 0.608102 -0.094798 0.995433 0.011291 109.684517 -0.024631 -0.013684 0.999603 0.632071 0.000000 0.000000 0.000000 1.000000
0.995192 0.094459 0.025904 0.621967 -0.094779 0.995433 0.011423 109.688568 -0.024707 -0.013824 0.999599 0.625281 0.000000 0.000000 0.000000 1.000000
0.995197 0.094396 0.025927 0.635317 -0.094720 0.995437 0.011545 109.693443 -0.024719 -0.013946 0.999597 0.616953 0.000000 0.000000 0.000000 1.000000
0.995202 0.094341 0.025933 0.647668 -0.094667 0.995441 0.011639 109.697212 -0.024717 -0.014038 0.999596 0.606637 0.000000 0.000000 0.000000 1.000000
0.995200 0.094358 0.025968 0.657858 -0.094687 0.995438 0.011722 109.698196 -0.024743 -0.014124 0.999594 0.594255 0.000000 0.000000 0.000000 1.000000
0.995188 0.094463 0.026034 0.665025 -0.094795 0.995427 0.011820 109.696510 -0.024799 -0.014231 0.999591 0.580365 0.000000 0.000000 0.000000 1.000000
0.995173 0.094609 0.026093 0.669640 -0.094945 0.995411 0.011949 109.693832 -0.024843 -0.014369 0.999588 0.565992 0.000000 0.000000 0.000000 1.000000
0.995160 0.094734 0.026102 0.672637 -0.095074 0.995397 0.012103 109.691795 -0.024835 -0.014526 0.999586 0.552125 0.000000 0.000000 0.000000 1.000000
0.995154 0.094815 0.026046 0.673996 -0.095158 0.995387 0.012274 109.690765 -0.024762 -0.014693 0.999585 0.539105 0.000000 0.000000 0.000000 1.000000
0.995150 0.094879 0.025956 0.672467 -0.095226 0.995378 0.012453 109.690125 -0.024655 -0.014865 0.999586 0.526325 0.000000 0.000000 0.000000 1.000000
0.995144 0.094963 0.025893 0.666705 -0.095313 0.995367 0.012627 109.688881 -0.024574 -0.015033 0.999585 0.512519 0.000000 0.000000 0.000000 1.000000
0.995132 0.095077 0.025930 0.656948 -0.095431 0.995354 0.012767 109.686646 -0.024596 -0.015179 0.999582 0.496570 0.000000 0.000000 0.000000 1.000000
0.995115 0.095204 0.026110 0.644944 -0.095563 0.995340 0.012861 109.683670 -0.024764 -0.015293 0.999576 0.478341 0.000000 0.000000 0.000000 1.000000
0.995097 0.095315 0.026397 0.632465 -0.095680 0.995328 0.012937 109.680504 -0.025041 -0.015400 0.999568 0.458788 0.000000 0.000000 0.000000 1.000000
0.995084 0.095378 0.026680 0.620180 -0.095750 0.995320 0.013046 109.677704 -0.025310 -0.015536 0.999559 0.439249 0.000000 0.000000 0.000000 1.000000
0.995079 0.095371 0.026856 0.607656 -0.095751 0.995318 0.013212 109.675461 -0.025470 -0.015718 0.999552 0.420570 0.000000 0.000000 0.000000 1.000000
0.995085 0.095294 0.026925 0.594385 -0.095680 0.995322 0.013414 109.673386 -0.025520 -0.015924 0.999547 0.402905 0.000000 0.000000 0.000000 1.000000
0.995096 0.095162 0.026985 0.580068 -0.095554 0.995331 0.013614 109.670914 -0.025564 -0.016126 0.999543 0.386215 0.000000 0.000000 0.000000 1.000000
0.995107 0.095006 0.027140 0.564395 -0.095404 0.995343 0.013797 109.667625 -0.025703 -0.016319 0.999536 0.370868 0.000000 0.000000 0.000000 1.000000
0.995114 0.094851 0.027403 0.546483 -0.095259 0.995354 0.013981 109.663544 -0.025950 -0.016523 0.999527 0.357856 0.000000 0.000000 0.000000 1.000000
0.995119 0.094715 0.027705 0.525417 -0.095133 0.995363 0.014189 109.659378 -0.026233 -0.016755 0.999515 0.348507 0.000000 0.000000 0.000000 1.000000
0.995123 0.094591 0.027968 0.501042 -0.095020 0.995371 0.014434 109.656242 -0.026473 -0.017021 0.999505 0.343880 0.000000 0.000000 0.000000 1.000000
0.995130 0.094468 0.028157 0.474199 -0.094908 0.995377 0.014722 109.654846 -0.026636 -0.017322 0.999495 0.344151 0.000000 0.000000 0.000000 1.000000
0.995139 0.094336 0.028274 0.446310 -0.094787 0.995384 0.015050 109.655075 -0.026724 -0.017657 0.999487 0.348237 0.000000 0.000000 0.000000 1.000000
0.995151 0.094198 0.028321 0.418557 -0.094659 0.995391 0.015396 109.655563 -0.026740 -0.018002 0.999480 0.353988 0.000000 0.000000 0.000000 1.000000
0.995164 0.094063 0.028282 0.392020 -0.094531 0.995398 0.015704 109.654770 -0.026675 -0.018301 0.999477 0.358962 0.000000 0.000000 0.000000 1.000000
0.995181 0.093925 0.028147 0.367526 -0.094396 0.995408 0.015910 109.652519 -0.026523 -0.018491 0.999477 0.361509 0.000000 0.000000 0.000000 1.000000
0.995202 0.093769 0.027920 0.345388 -0.094239 0.995421 0.015998 109.650253 -0.026292 -0.018552 0.999482 0.361386 0.000000 0.000000 0.000000 1.000000
0.995228 0.093580 0.027625 0.325244 -0.094045 0.995439 0.016013 109.649445 -0.026000 -0.018534 0.999490 0.359348 0.000000 0.000000 0.000000 1.000000
0.995258 0.093361 0.027292 0.306310 -0.093819 0.995460 0.016016 109.649803 -0.025673 -0.018500 0.999499 0.356071 0.000000 0.000000 0.000000 1.000000
0.995288 0.093141 0.026962 0.288299 -0.093593 0.995482 0.016017 109.649429 -0.025348 -0.018465 0.999508 0.351530 0.000000 0.000000 0.000000 1.000000
0.995312 0.092961 0.026673 0.271344 -0.093406 0.995500 0.015976 109.646973 -0.025068 -0.018393 0.999517 0.345432 0.000000 0.000000 0.000000 1.000000
0.995331 0.092822 0.026446 0.255488 -0.093260 0.995515 0.015859 109.643280 -0.024855 -0.018251 0.999524 0.338120 0.000000 0.000000 0.000000 1.000000
0.995350 0.092671 0.026277 0.240522 -0.093102 0.995533 0.015673 109.640923 -0.024707 -0.018047 0.999532 0.330963 0.000000 0.000000 0.000000 1.000000
0.995375 0.092435 0.026156 0.226050 -0.092859 0.995559 0.015451 109.641655 -0.024612 -0.017809 0.999538 0.325782 0.000000 0.000000 0.000000 1.000000
0.995409 0.092092 0.026090 0.211642 -0.092508 0.995596 0.015217 109.645157 -0.024574 -0.017561 0.999544 0.323973 0.000000 0.000000 0.000000 1.000000
0.995445 0.091686 0.026115 0.196674 -0.092098 0.995637 0.014996 109.649643 -0.024627 -0.017333 0.999546 0.326096 0.000000 0.000000 0.000000 1.000000
0.995477 0.091298 0.026285 0.180579 -0.091708 0.995676 0.014823 109.653336 -0.024818 -0.017167 0.999545 0.332063 0.000000 0.000000 0.000000 1.000000
0.995496 0.090985 0.026619 0.162797 -0.091398 0.995705 0.014734 109.655533 -0.025164 -0.017100 0.999537 0.341375 0.000000 0.000000 0.000000 1.000000
0.995504 0.090766 0.027068 0.142891 -0.091187 0.995725 0.014739 109.656349 -0.025614 -0.017141 0.999525 0.353157 0.000000 0.000000 0.000000 1.000000
0.995505 0.090627 0.027513 0.120886 -0.091058 0.995735 0.014819 109.656105 -0.026053 -0.017258 0.999512 0.366127 0.000000 0.000000 0.000000 1.000000
0.995504 0.090537 0.027826 0.097718 -0.090975 0.995741 0.014929 109.655060 -0.026355 -0.017393 0.999501 0.378896 0.000000 0.000000 0.000000 1.000000
0.995508 0.090464 0.027924 0.074891 -0.090907 0.995746 0.015029 109.653313 -0.026446 -0.017500 0.999497 0.390481 0.000000 0.000000 0.000000 1.000000
0.995518 0.090397 0.027806 0.053597 -0.090841 0.995751 0.015121 109.651146 -0.026321 -0.017579 0.999499 0.400552 0.000000 0.000000 0.000000 1.000000
0.995531 0.090336 0.027532 0.033768 -0.090778 0.995754 0.015249 109.649223 -0.026037 -0.017680 0.999505 0.409149 0.000000 0.000000 0.000000 1.000000
0.995546 0.090271 0.027204 0.014839 -0.090713 0.995757 0.015447 109.648575 -0.025694 -0.017846 0.999511 0.416244 0.000000 0.000000 0.000000 1.000000
0.995561 0.090181 0.026923 -0.002702 -0.090623 0.995762 0.015678 109.649536 -0.025395 -0.018048 0.999515 0.421559 0.000000 0.000000 0.000000 1.000000
0.995578 0.090049 0.026738 -0.017590 -0.090492 0.995771 0.015847 109.651321 -0.025198 -0.018196 0.999517 0.424770 0.000000 0.000000 0.000000 1.000000
0.995595 0.089896 0.026629 -0.029261 -0.090338 0.995784 0.015898 109.652161 -0.025087 -0.018233 0.999519 0.425786 0.000000 0.000000 0.000000 1.000000
0.995608 0.089773 0.026555 -0.038759 -0.090214 0.995796 0.015869 109.650658 -0.025019 -0.018195 0.999521 0.424773 0.000000 0.000000 0.000000 1.000000
0.995613 0.089725 0.026524 -0.047654 -0.090164 0.995801 0.015839 109.647102 -0.024992 -0.018161 0.999523 0.421947 0.000000 0.000000 0.000000 1.000000
0.995609 0.089756 0.026594 -0.056236 -0.090196 0.995798 0.015842 109.643135 -0.025061 -0.018171 0.999521 0.417473 0.000000 0.000000 0.000000 1.000000
0.995596 0.089836 0.026795 -0.063578 -0.090280 0.995790 0.015854 109.639946 -0.025258 -0.018203 0.999515 0.411576 0.000000 0.000000 0.000000 1.000000
0.995580 0.089935 0.027065 -0.068647 -0.090383 0.995781 0.015843 109.637352 -0.025525 -0.018219 0.999508 0.404588 0.000000 0.000000 0.000000 1.000000
0.995565 0.090032 0.027284 -0.071648 -0.090484 0.995772 0.015805 109.634270 -0.025745 -0.018204 0.999503 0.396511 0.000000 0.000000 0.000000 1.000000
0.995555 0.090117 0.027370 -0.073222 -0.090569 0.995766 0.015748 109.630547 -0.025835 -0.018157 0.999501 0.386632 0.000000 0.000000 0.000000 1.000000
0.995552 0.090162 0.027338 -0.073770 -0.090612 0.995763 0.015670 109.627716 -0.025809 -0.018078 0.999503 0.373864 0.000000 0.000000 0.000000 1.000000
0.995555 0.090147 0.027260 -0.073180 -0.090592 0.995766 0.015570 109.627785 -0.025741 -0.017970 0.999507 0.357888 0.000000 0.000000 0.000000 1.000000
0.995563 0.090084 0.027192 -0.071647 -0.090526 0.995774 0.015462 109.630577 -0.025684 -0.017855 0.999511 0.339815 0.000000 0.000000 0.000000 1.000000
0.995570 0.090029 0.027125 -0.069763 -0.090467 0.995781 0.015371 109.633591 -0.025626 -0.017757 0.999514 0.321595 0.000000 0.000000 0.000000 1.000000
0.995572 0.090028 0.027032 -0.068000 -0.090463 0.995782 0.015315 109.634239 -0.025539 -0.017692 0.999517 0.304729 0.000000 0.000000 0.000000 1.000000
0.995570 0.090081 0.026927 -0.066328 -0.090514 0.995778 0.015290 109.631775 -0.025436 -0.017659 0.999520 0.289827 0.000000 0.000000 0.000000 1.000000
0.995565 0.090159 0.026869 -0.064432 -0.090590 0.995771 0.015292 109.627380 -0.025376 -0.017658 0.999522 0.277257 0.000000 0.000000 0.000000 1.000000
0.995556 0.090251 0.026899 -0.062270 -0.090684 0.995762 0.015338 109.622215 -0.025400 -0.017710 0.999520 0.267856 0.000000 0.000000 0.000000 1.000000
0.995542 0.090378 0.026993 -0.059891 -0.090816 0.995748 0.015472 109.616997 -0.025480 -0.017854 0.999516 0.262657 0.000000 0.000000 0.000000 1.000000
0.995524 0.090547 0.027081 -0.057350 -0.090994 0.995727 0.015726 109.612579 -0.025541 -0.018119 0.999510 0.262022 0.000000 0.000000 0.000000 1.000000
0.995508 0.090712 0.027111 -0.054374 -0.091168 0.995706 0.016073 109.610481 -0.025537 -0.018473 0.999503 0.265109 0.000000 0.000000 0.000000 1.000000
0.995501 0.090791 0.027087 -0.050256 -0.091256 0.995692 0.016423 109.611679 -0.025479 -0.018821 0.999498 0.270259 0.000000 0.000000 0.000000 1.000000
0.995506 0.090752 0.027048 -0.044590 -0.091222 0.995691 0.016679 109.615417 -0.025418 -0.019071 0.999495 0.275706 0.000000 0.000000 0.000000 1.000000
0.995516 0.090651 0.027041 -0.037407 -0.091124 0.995698 0.016808 109.619003 -0.025401 -0.019196 0.999493 0.279950 0.000000 0.000000 0.000000 1.000000
0.995519 0.090590 0.027106 -0.028966 -0.091065 0.995702 0.016850 109.620232 -0.025463 -0.019242 0.999491 0.281869 0.000000 0.000000 0.000000 1.000000
0.995513 0.090617 0.027247 -0.019312 -0.091096 0.995699 0.016860 109.619034 -0.025602 -0.019267 0.999487 0.280954 0.000000 0.000000 0.000000 1.000000
0.995501 0.090692 0.027418 -0.008271 -0.091174 0.995692 0.016867 109.617424 -0.025770 -0.019291 0.999482 0.277575 0.000000 0.000000 0.000000 1.000000
0.995493 0.090743 0.027540 0.004003 -0.091228 0.995687 0.016875 109.617119 -0.025890 -0.019311 0.999478 0.272824 0.000000 0.000000 0.000000 1.000000
0.995492 0.090753 0.027565 0.016968 -0.091239 0.995686 0.016890 109.618210 -0.025913 -0.019329 0.999477 0.267829 0.000000 0.000000 0.000000 1.000000
0.995493 0.090753 0.027519 0.029960 -0.091239 0.995685 0.016927 109.619415 -0.025864 -0.019362 0.999478 0.263068 0.000000 0.000000 0.000000 1.000000
0.995492 0.090776 0.027488 0.042723 -0.091262 0.995682 0.016989 109.619751 -0.025827 -0.019421 0.999478 0.258341 0.000000 0.000000 0.000000 1.000000
0.995486 0.090823 0.027541 0.055292 -0.091312 0.995676 0.017065 109.619278 -0.025872 -0.019503 0.999475 0.253244 0.000000 0.000000 0.000000 1.000000
0.995477 0.090885 0.027681 0.067424 -0.091379 0.995669 0.017139 109.618484 -0.026003 -0.019590 0.999470 0.247651 0.000000 0.000000 0.000000 1.000000
0.995464 0.090966 0.027851 0.078622 -0.091465 0.995660 0.017198 109.617653 -0.026165 -0.019667 0.999464 0.241838 0.000000 0.000000 0.000000 1.000000
0.995451 0.091070 0.027989 0.088519 -0.091572 0.995649 0.017236 109.617149 -0.026297 -0.019721 0.999460 0.236325 0.000000 0.000000 0.000000 1.000000
0.995438 0.091182 0.028075 0.097242 -0.091687 0.995638 0.017252 109.617500 -0.026379 -0.019747 0.999457 0.231593 0.000000 0.000000 0.000000 1.000000
0.995427 0.091290 0.028133 0.105494 -0.091796 0.995628 0.017257 109.618622 -0.026435 -0.019760 0.999455 0.227990 0.000000 0.000000 0.000000 1.000000
0.995415 0.091402 0.028194 0.113757 -0.091910 0.995618 0.017275 109.619804 -0.026492 -0.019787 0.999453 0.225766 0.000000 0.000000 0.000000 1.000000
0.995401 0.091532 0.028262 0.121778 -0.092043 0.995604 0.017326 109.620018 -0.026552 -0.019847 0.999450 0.225073 0.000000 0.000000 0.000000 1.000000
0.995387 0.091669 0.028310 0.128998 -0.092183 0.995590 0.017408 109.619118 -0.026589 -0.019937 0.999448 0.225764 0.000000 0.000000 0.000000 1.000000
0.995377 0.091778 0.028308 0.134843 -0.092294 0.995578 0.017500 109.617836 -0.026577 -0.020031 0.999446 0.227329 0.000000 0.000000 0.000000 1.000000
0.995372 0.091849 0.028251 0.139399 -0.092366 0.995570 0.017579 109.616684 -0.026512 -0.020107 0.999446 0.229181 0.000000 0.000000 0.000000 1.000000
0.995367 0.091925 0.028171 0.143008 -0.092442 0.995562 0.017635 109.615265 -0.026425 -0.020158 0.999448 0.231047 0.000000 0.000000 0.000000 1.000000
0.995356 0.092061 0.028114 0.146022 -0.092578 0.995549 0.017673 109.613037 -0.026361 -0.020193 0.999449 0.232916 0.000000 0.000000 0.000000 1.000000
0.995339 0.092257 0.028095 0.148783 -0.092775 0.995530 0.017700 109.610374 -0.026337 -0.020224 0.999449 0.234652 0.000000 0.000000 0.000000 1.000000
0.995321 0.092449 0.028082 0.151761 -0.092966 0.995512 0.017709 109.608498 -0.026319 -0.020237 0.999449 0.235813 0.000000 0.000000 0.000000 1.000000
0.995313 0.092557 0.028018 0.155862 -0.093072 0.995503 0.017665 109.608383 -0.026257 -0.020189 0.999451 0.235983 0.000000 0.000000 0.000000 1.000000
0.995317 0.092560 0.027874 0.161745 -0.093068 0.995505 0.017530 109.609543 -0.026126 -0.020042 0.999458 0.235245 0.000000 0.000000 0.000000 1.000000
0.995328 0.092495 0.027676 0.169217 -0.092994 0.995516 0.017321 109.610741 -0.025950 -0.019814 0.999467 0.234132 0.000000 0.000000 0.000000 1.000000
0.995341 0.092420 0.027474 0.177050 -0.092910 0.995528 0.017105 109.611526 -0.025770 -0.019578 0.999476 0.233134 0.000000 0.000000 0.000000 1.000000
0.995350 0.092369 0.027312 0.184031 -0.092851 0.995536 0.016945 109.612411 -0.025625 -0.019402 0.999483 0.232344 0.000000 0.000000 0.000000 1.000000
0.995355 0.092344 0.027212 0.189764 -0.092822 0.995540 0.016838 109.613800 -0.025536 -0.019286 0.999488 0.231679 0.000000 0.000000 0.000000 1.000000
0.995357 0.092342 0.027161 0.194415 -0.092816 0.995543 0.016737 109.615166 -0.025495 -0.019180 0.999491 0.231351 0.000000 0.000000 0.000000 1.000000
0.995357 0.092351 0.027119 0.198181 -0.092821 0.995544 0.016607 109.615768 -0.025465 -0.019048 0.999494 0.231894 0.000000 0.000000 0.000000 1.000000
0.995359 0.092351 0.027049 0.201113 -0.092816 0.995547 0.016455 109.615768 -0.025409 -0.018890 0.999499 0.233761 0.000000 0.000000 0.000000 1.000000
