<?xml version="1.0" encoding="utf-8"?>
<COLLADA xmlns="http://www.collada.org/2005/11/COLLADASchema" version="1.4.1">
  <asset>
    <contributor>
      <author>Mixamo</author>
      <authoring_tool>COLLADA Mixamo exporter</authoring_tool>
      <comments/>
    </contributor>
    <created>2025-01-30T16:57:00Z</created>
    <modified>2025-01-30T16:57:00Z</modified>
    <revision/>
    <title/>
    <unit meter="0.010000"/>
    <up_axis>Y_UP</up_axis>
  </asset>
  <library_animations>
    <animation id="mixamorig_Hips-anim" name="mixamorig_Hips">
      <source id="mixamorig_Hips-Matrix-animation-input">
        <float_array id="mixamorig_Hips-Matrix-animation-input-array" count="66">

0.000000 0.033333 0.066667 0.100000 0.133333 0.166667 0.200000 0.233333 0.266667 0.300000 0.333333 0.366667 0.400000 0.433333 0.466667 0.500000
0.533333 0.566667 0.600000 0.633333 0.666667 0.700000 0.733333 0.766667 0.800000 0.833333 0.866667 0.900000 0.933333 0.966667 1.000000 1.033333
1.066667 1.100000 1.133333 1.166667 1.200000 1.233333 1.266667 1.300000 1.333333 1.366667 1.400000 1.433333 1.466667 1.500000 1.533333 1.566667
1.600000 1.633333 1.666667 1.700000 1.733333 1.766667 1.800000 1.833333 1.866667 1.900000 1.933333 1.966667 2.000000 2.033333 2.066667 2.100000
2.133333 2.166667</float_array>
        <technique_common>
          <accessor source="#mixamorig_Hips-Matrix-animation-input-array" count="66">
            <param name="TIME" type="float"/>
          </accessor>
        </technique_common>
      </source>
      <source id="mixamorig_Hips-Matrix-animation-output-transform">
        <float_array id="mixamorig_Hips-Matrix-animation-output-transform-array" count="1056">

0.993780 0.064207 -0.090991 0.153425 -0.058377 0.996153 0.065348 111.479645 0.094837 -0.059630 0.993705 0.186571 0.000000 0.000000 0.000000 1.000000
0.992702 0.062770 -0.102969 0.380937 -0.057242 0.996800 0.055794 111.470795 0.106141 -0.049492 0.993119 0.104237 0.000000 0.000000 0.000000 1.000000
0.991098 0.060818 -0.118433 0.712466 -0.055966 0.997468 0.043879 111.508530 0.120802 -0.036860 0.991992 -0.006115 0.000000 0.000000 0.000000 1.000000
0.988779 0.057795 -0.137750 1.149669 -0.054376 0.998115 0.028461 111.556381 0.139135 -0.020651 0.990058 -0.171503 0.000000 0.000000 0.000000 1.000000
0.985365 0.053292 -0.161913 1.685513 -0.052747 0.998578 0.007667 111.555756 0.162091 0.000986 0.986775 -0.437914 0.000000 0.000000 0.000000 1.000000
0.980226 0.046323 -0.192384 2.331180 -0.051296 0.998464 -0.020947 111.413918 0.191118 0.030402 0.981096 -0.872462 0.000000 0.000000 0.000000 1.000000
0.972571 0.035272 -0.229914 3.116046 -0.050178 0.996978 -0.059311 110.992966 0.227127 0.069221 0.971402 -1.538751 0.000000 0.000000 0.000000 1.000000
0.961884 0.018796 -0.272811 4.036535 -0.049878 0.992959 -0.107449 110.106499 0.268870 0.116961 0.956049 -2.463876 0.000000 0.000000 0.000000 1.000000
0.948538 -0.001870 -0.316658 5.022832 -0.052508 0.985211 -0.163104 108.575584 0.312280 0.171337 0.934411 -3.636058 0.000000 0.000000 0.000000 1.000000
0.934084 -0.022493 -0.356343 5.978593 -0.061599 0.972898 -0.222879 106.273453 0.351699 0.230138 0.907383 -5.022898 0.000000 0.000000 0.000000 1.000000
0.920869 -0.038715 -0.387945 6.851815 -0.079410 0.955572 -0.283858 103.155693 0.381699 0.292203 0.876883 -6.550063 0.000000 0.000000 0.000000 1.000000
0.911425 -0.049184 -0.408517 7.658216 -0.103944 0.933107 -0.344249 99.340637 0.398121 0.356220 0.845344 -8.065805 0.000000 0.000000 0.000000 1.000000
0.907862 -0.055962 -0.415518 8.440244 -0.128386 0.906339 -0.402574 95.153625 0.399129 0.418828 0.815646 -9.381789 0.000000 0.000000 0.000000 1.000000
0.910562 -0.061532 -0.408767 9.208495 -0.145319 0.878093 -0.455890 91.013855 0.386987 0.474518 0.790616 -10.368127 0.000000 0.000000 0.000000 1.000000
0.917052 -0.066474 -0.393188 9.928740 -0.152011 0.853281 -0.498802 87.251442 0.368657 0.517196 0.772399 -10.970848 0.000000 0.000000 0.000000 1.000000
0.923120 -0.070441 -0.378005 10.528906 -0.150867 0.837893 -0.524570 84.204590 0.353679 0.541270 0.762849 -11.108279 0.000000 0.000000 0.000000 1.000000
0.925424 -0.074689 -0.371500 10.986264 -0.143662 0.838041 -0.526354 82.470978 0.350645 0.540471 0.764813 -10.752476 0.000000 0.000000 0.000000 1.000000
0.921640 -0.082854 -0.379098 11.413616 -0.128625 0.856483 -0.499893 82.542870 0.366109 0.509483 0.778711 -10.002481 0.000000 0.000000 0.000000 1.000000
0.909610 -0.099627 -0.403340 11.835752 -0.101445 0.888178 -0.448162 84.275200 0.402887 0.448569 0.797789 -8.864906 0.000000 0.000000 0.000000 1.000000
0.890644 -0.125238 -0.437113 12.154896 -0.056872 0.923089 -0.380357 87.297470 0.451130 0.363622 0.815022 -7.260973 0.000000 0.000000 0.000000 1.000000
0.873880 -0.148751 -0.462825 12.100372 0.000818 0.952486 -0.304582 91.564919 0.486141 0.265790 0.832480 -5.412362 0.000000 0.000000 0.000000 1.000000
0.875598 -0.154274 -0.457741 11.432576 0.053434 0.972745 -0.225636 97.292191 0.480076 0.173108 0.859977 -3.797301 0.000000 0.000000 0.000000 1.000000
0.905829 -0.133718 -0.401987 10.137229 0.079183 0.985598 -0.149422 104.356598 0.416178 0.103521 0.903371 -2.664102 0.000000 0.000000 0.000000 1.000000
0.953070 -0.101887 -0.285091 8.258790 0.079803 0.992913 -0.088069 112.003990 0.292044 0.061185 0.954446 -1.927384 0.000000 0.000000 0.000000 1.000000
0.989203 -0.078827 -0.123544 6.149632 0.071935 0.995645 -0.059297 119.080101 0.127680 0.049769 0.990566 -1.636259 0.000000 0.000000 0.000000 1.000000
0.996808 -0.070575 0.037335 4.426996 0.073124 0.994721 -0.071996 124.416786 -0.032056 0.074497 0.996706 -2.159151 0.000000 0.000000 0.000000 1.000000
0.990654 -0.022971 0.134447 3.901285 0.038615 0.992623 -0.114930 129.917984 -0.130815 0.119047 0.984233 -3.657403 0.000000 0.000000 0.000000 1.000000
0.987077 0.022921 0.158597 4.033094 0.003842 0.986047 -0.166421 133.966110 -0.160199 0.164880 0.973217 -5.546202 0.000000 0.000000 0.000000 1.000000
0.988172 0.056400 0.142599 4.262019 -0.025192 0.976980 -0.211838 136.284805 -0.151264 0.205740 0.966846 -6.957548 0.000000 0.000000 0.000000 1.000000
0.989605 0.080107 0.119439 4.431602 -0.048075 0.966993 -0.250228 138.199493 -0.135542 0.241885 0.960791 -8.095246 0.000000 0.000000 0.000000 1.000000
0.990326 0.093890 0.102175 4.550560 -0.061456 0.956944 -0.283691 139.836105 -0.124412 0.274667 0.953457 -9.295038 0.000000 0.000000 0.000000 1.000000
0.991291 0.100689 0.084877 4.707963 -0.070371 0.949793 -0.304863 140.613159 -0.111312 0.296235 0.948607 -10.082496 0.000000 0.000000 0.000000 1.000000
0.992645 0.105058 0.060149 4.980319 -0.082105 0.949375 -0.303226 139.894348 -0.088960 0.296057 0.951019 -9.928687 0.000000 0.000000 0.000000 1.000000
0.993867 0.106811 0.028648 5.392966 -0.094636 0.955510 -0.279366 137.776703 -0.057213 0.274942 0.959757 -8.921570 0.000000 0.000000 0.000000 1.000000
0.994260 0.106903 -0.004387 6.071609 -0.104696 0.963640 -0.245840 135.060120 -0.022054 0.244888 0.969300 -7.584701 0.000000 0.000000 0.000000 1.000000
0.993958 0.105627 -0.029832 7.065353 -0.109568 0.970919 -0.212864 132.240646 0.006480 0.214846 0.976626 -5.990712 0.000000 0.000000 0.000000 1.000000
0.993519 0.105866 -0.041388 8.177546 -0.111567 0.977904 -0.176796 128.721710 0.021756 0.180267 0.983377 -3.532821 0.000000 0.000000 0.000000 1.000000
0.993227 0.111944 -0.031127 8.941355 -0.115078 0.984751 -0.130473 123.536201 0.016047 0.133171 0.990963 -0.213388 0.000000 0.000000 0.000000 1.000000
0.992373 0.122546 0.013379 8.790126 -0.121014 0.989110 -0.083770 116.874001 -0.023499 0.081512 0.996395 2.840816 0.000000 0.000000 0.000000 1.000000
0.985585 0.140237 0.094632 7.427444 -0.134842 0.988975 -0.061207 109.761963 -0.102172 0.047564 0.993629 4.527175 0.000000 0.000000 0.000000 1.000000
0.965615 0.172632 0.194389 5.185245 -0.160458 0.984047 -0.076839 102.964798 -0.204552 0.043006 0.977910 4.563984 0.000000 0.000000 0.000000 1.000000
0.940013 0.207444 0.270820 3.152792 -0.181661 0.976338 -0.117320 97.276642 -0.288749 0.061085 0.955454 3.549913 0.000000 0.000000 0.000000 1.000000
0.929120 0.224521 0.293813 1.981167 -0.185418 0.970334 -0.155150 94.045532 -0.319932 0.089675 0.943187 2.047004 0.000000 0.000000 0.000000 1.000000
0.935609 0.217378 0.278177 1.324605 -0.173361 0.969299 -0.174371 93.279869 -0.307541 0.114918 0.944570 0.360369 0.000000 0.000000 0.000000 1.000000
0.943485 0.202575 0.262296 0.791501 -0.158966 0.971075 -0.178168 94.200714 -0.290801 0.126403 0.948397 -1.107409 0.000000 0.000000 0.000000 1.000000
0.944334 0.194793 0.265122 0.324192 -0.150334 0.972312 -0.178913 96.229729 -0.292633 0.129097 0.947470 -2.272327 0.000000 0.000000 0.000000 1.000000
0.944186 0.190411 0.268805 0.074073 -0.144335 0.972647 -0.182004 98.830429 -0.296108 0.133048 0.945843 -3.223151 0.000000 0.000000 0.000000 1.000000
0.952447 0.179705 0.246071 0.184064 -0.136598 0.973696 -0.182367 101.621323 -0.272371 0.140082 0.951941 -3.955584 0.000000 0.000000 0.000000 1.000000
0.967366 0.160265 0.196261 0.558257 -0.126995 0.976915 -0.171784 104.259514 -0.219261 0.141254 0.965387 -4.344931 0.000000 0.000000 0.000000 1.000000
0.979387 0.139684 0.145912 0.908028 -0.117916 0.981861 -0.148477 106.365341 -0.164005 0.128211 0.978092 -4.345403 0.000000 0.000000 0.000000 1.000000
0.985226 0.124915 0.117157 1.046164 -0.110944 0.986673 -0.119032 107.745781 -0.130464 0.104275 0.985954 -4.151177 0.000000 0.000000 0.000000 1.000000
0.987602 0.115536 0.106274 1.048404 -0.106093 0.990220 -0.090601 108.502991 -0.115703 0.078203 0.990201 -3.965514 0.000000 0.000000 0.000000 1.000000
0.989605 0.108534 0.094350 1.084653 -0.102640 0.992577 -0.065243 108.913658 -0.100730 0.054881 0.993399 -3.811530 0.000000 0.000000 0.000000 1.000000
0.992390 0.101553 0.069629 1.182071 -0.098819 0.994233 -0.041648 109.211937 -0.073457 0.034451 0.996703 -3.613311 0.000000 0.000000 0.000000 1.000000
0.994891 0.094181 0.036344 1.248600 -0.093530 0.995431 -0.019224 109.471344 -0.037989 0.015727 0.999154 -3.334139 0.000000 0.000000 0.000000 1.000000
0.996135 0.087662 0.005561 1.243294 -0.087669 0.996149 0.001017 109.695854 -0.005451 -0.001501 0.999984 -3.010835 0.000000 0.000000 0.000000 1.000000
0.996404 0.082928 -0.017396 1.208980 -0.082614 0.996418 0.018069 109.935135 0.018832 -0.016567 0.999685 -2.680729 0.000000 0.000000 0.000000 1.000000
0.996207 0.079594 -0.035154 1.177575 -0.078492 0.996412 0.031666 110.255127 0.037548 -0.028787 0.998880 -2.330259 0.000000 0.000000 0.000000 1.000000
0.995722 0.076532 -0.051779 1.134728 -0.074402 0.996349 0.041878 110.645226 0.054795 -0.037847 0.997780 -1.936988 0.000000 0.000000 0.000000 1.000000
0.995031 0.073027 -0.067675 1.067307 -0.069791 0.996357 0.049011 111.012726 0.071008 -0.044044 0.996503 -1.521529 0.000000 0.000000 0.000000 1.000000
0.994318 0.069387 -0.080725 0.986688 -0.065160 0.996420 0.053864 111.268776 0.084174 -0.048297 0.995280 -1.133625 0.000000 0.000000 0.000000 1.000000
0.993752 0.066491 -0.089647 0.897185 -0.061492 0.996455 0.057421 111.396317 0.093147 -0.051549 0.994317 -0.802132 0.000000 0.000000 0.000000 1.000000
0.993391 0.064868 -0.094692 0.776635 -0.059325 0.996420 0.060224 111.438171 0.098259 -0.054209 0.993683 -0.518946 0.000000 0.000000 0.000000 1.000000
0.993267 0.064319 -0.096354 0.603778 -0.058469 0.996340 0.062357 111.448288 0.100012 -0.056304 0.993392 -0.264288 0.000000 0.000000 0.000000 1.000000
0.993411 0.064231 -0.094915 0.386604 -0.058305 0.996248 0.063949 111.458290 0.098667 -0.057994 0.993429 -0.029034 0.000000 0.000000 0.000000 1.000000
0.993780 0.064207 -0.090991 0.153424 -0.058377 0.996153 0.065348 111.479645 0.094837 -0.059630 0.993705 0.186570 0.000000 0.000000 0.000000 1.000000</float_array>
        <technique_common>
          <accessor source="#mixamorig_Hips-Matrix-animation-output-transform-array" count="66" stride="16">
            <param type="float4x4"/>
          </accessor>
        </technique_common>
      </source>
      <source id="mixamorig_Hips-Interpolations">
        <Name_array id="mixamorig_Hips-Interpolations-array" count="66">
 LINEAR LINEAR LINEAR LINEAR LINEAR LINEAR LINEAR LINEAR LINEAR LINEAR LINEAR
LINEAR LINEAR LINEAR LINEAR LINEAR LINEAR LINEAR LINEAR LINEAR LINEAR LINEAR LINEAR
LINEAR LINEAR LINEAR LINEAR LINEAR LINEAR LINEAR LINEAR LINEAR LINEAR LINEAR LINEAR
LINEAR LINEAR LINEAR LINEAR LINEAR LINEAR LINEAR LINEAR LINEAR LINEAR LINEAR LINEAR
LINEAR LINEAR LINEAR LINEAR LINEAR LINEAR LINEAR LINEAR LINEAR LINEAR LINEAR LINEAR
LINEAR LINEAR LINEAR LINEAR LINEAR LINEAR LINEAR</Name_array>
        <technique_common>
          <accessor source="#mixamorig_Hips-Interpolations-array" count="66">
            <param type="name"/>
          </accessor>
        </technique_common>
      </source>
      <sampler id="mixamorig_Hips-Matrix-animation-transform">
        <input semantic="INPUT" source="#mixamorig_Hips-Matrix-animation-input"/>
        <input semantic="OUTPUT" source="#mixamorig_Hips-Matrix-animation-output-transform"/>
        <input semantic="INTERPOLATION" source="#mixamorig_Hips-Interpolations"/>
      </sampler>
      <channel source="#mixamorig_Hips-Matrix-animation-transform" target="mixamorig_Hips/matrix"/>
    </animation>
    <animation id="mixamorig_Spine-anim" name="mixamorig_Spine">
      <source id="mixamorig_Spine-Matrix-animation-input">
        <float_array id="mixamorig_Spine-Matrix-animation-input-array" count="66">

0.000000 0.033333 0.066667 0.100000 0.133333 0.166667 0.200000 0.233333 0.266667 0.300000 0.333333 0.366667 0.400000 0.433333 0.466667 0.500000
0.533333 0.566667 0.600000 0.633333 0.666667 0.700000 0.733333 0.766667 0.800000 0.833333 0.866667 0.900000 0.933333 0.966667 1.000000 1.033333
1.066667 1.100000 1.133333 1.166667 1.200000 1.233333 1.266667 1.300000 1.333333 1.366667 1.400000 1.433333 1.466667 1.500000 1.533333 1.566667
1.600000 1.633333 1.666667 1.700000 1.733333 1.766667 1.800000 1.833333 1.866667 1.900000 1.933333 1.966667 2.000000 2.033333 2.066667 2.100000
2.133333 2.166667</float_array>
        <technique_common>
          <accessor source="#mixamorig_Spine-Matrix-animation-input-array" count="66">
            <param name="TIME" type="float"/>
          </accessor>
        </technique_common>
      </source>
      <source id="mixamorig_Spine-Matrix-animation-output-transform">
        <float_array id="mixamorig_Spine-Matrix-animation-output-transform-array" count="1056">

0.998554 -0.046691 0.026642 0.000400 0.048030 0.997489 -0.052040 10.664600 -0.024145 0.053244 0.998290 -0.060300 0.000000 0.000000 0.000000 1.000000
0.998392 -0.047818 0.030440 0.000400 0.049387 0.997369 -0.053074 10.664600 -0.027822 0.054492 0.998127 -0.060300 0.000000 0.000000 0.000000 1.000000
0.998250 -0.049338 0.032598 0.000400 0.051093 0.997155 -0.055416 10.664600 -0.029771 0.056984 0.997931 -0.060300 0.000000 0.000000 0.000000 1.000000
0.998178 -0.050849 0.032471 0.000400 0.052697 0.996875 -0.058848 10.664600 -0.029377 0.060452 0.997739 -0.060300 0.000000 0.000000 0.000000 1.000000
0.998197 -0.051836 0.030263 0.000400 0.053656 0.996584 -0.062781 10.664600 -0.026905 0.064291 0.997568 -0.060300 0.000000 0.000000 0.000000 1.000000
0.998322 -0.051219 0.027018 0.000400 0.052922 0.996374 -0.066618 10.664600 -0.023508 0.067936 0.997413 -0.060300 0.000000 0.000000 0.000000 1.000000
0.998595 -0.047525 0.023451 0.000400 0.049073 0.996299 -0.070567 10.664600 -0.020011 0.071619 0.997231 -0.060300 0.000000 0.000000 0.000000 1.000000
0.999036 -0.039683 0.018757 0.000400 0.041001 0.996258 -0.076090 10.664600 -0.015667 0.076786 0.996925 -0.060300 0.000000 0.000000 0.000000 1.000000
0.999531 -0.028751 0.010534 0.000400 0.029547 0.995907 -0.085421 10.664600 -0.008035 0.085692 0.996289 -0.060300 0.000000 0.000000 0.000000 1.000000
0.999821 -0.018578 -0.003697 0.000400 0.018115 0.994802 -0.100208 10.664600 0.005539 0.100123 0.994960 -0.060300 0.000000 0.000000 0.000000 1.000000
0.999618 -0.013835 -0.023943 0.000400 0.010864 0.992707 -0.120063 10.664600 0.025430 0.119757 0.992478 -0.060300 0.000000 0.000000 0.000000 1.000000
0.998800 -0.016808 -0.046000 0.000400 0.010119 0.989820 -0.141965 10.664600 0.047918 0.141330 0.988802 -0.060300 0.000000 0.000000 0.000000 1.000000
0.997688 -0.025565 -0.062969 0.000400 0.015104 0.986786 -0.161322 10.664600 0.066261 0.159998 0.984891 -0.060300 0.000000 0.000000 0.000000 1.000000
0.996908 -0.035401 -0.070149 0.000400 0.022673 0.984384 -0.174568 10.664600 0.075233 0.172438 0.982143 -0.060300 0.000000 0.000000 0.000000 1.000000
0.996708 -0.042776 -0.068866 0.000400 0.029656 0.982970 -0.181358 10.664600 0.075451 0.178719 0.981003 -0.060300 0.000000 0.000000 0.000000 1.000000
0.996745 -0.047966 -0.064799 0.000400 0.035327 0.982336 -0.183758 10.664600 0.072469 0.180871 0.980833 -0.060300 0.000000 0.000000 0.000000 1.000000
0.996612 -0.053749 -0.062252 0.000400 0.041534 0.982213 -0.183117 10.664600 0.070987 0.179911 0.981118 -0.060300 0.000000 0.000000 0.000000 1.000000
0.996317 -0.060925 -0.060343 0.000400 0.049280 0.982701 -0.178521 10.664600 0.070175 0.174890 0.982084 -0.060300 0.000000 0.000000 0.000000 1.000000
0.996436 -0.065347 -0.053345 0.000400 0.055527 0.984155 -0.168390 10.664600 0.063503 0.164828 0.984276 -0.060300 0.000000 0.000000 0.000000 1.000000
0.997586 -0.060256 -0.034513 0.000400 0.054322 0.986787 -0.152643 10.664600 0.043255 0.150399 0.987679 -0.060300 0.000000 0.000000 0.000000 1.000000
0.998980 -0.045139 -0.001144 0.000400 0.044579 0.989987 -0.133932 10.664600 0.007178 0.133744 0.990990 -0.060300 0.000000 0.000000 0.000000 1.000000
0.998942 -0.025684 0.038138 0.000400 0.029979 0.992717 -0.116684 10.664600 -0.034863 0.117703 0.992437 -0.060300 0.000000 0.000000 0.000000 1.000000
0.997865 -0.005196 0.065102 0.000400 0.011989 0.994463 -0.104403 10.664600 -0.064199 0.104960 0.992402 -0.060300 0.000000 0.000000 0.000000 1.000000
0.997790 0.022688 0.062449 0.000400 -0.016450 0.994987 -0.098638 10.664600 -0.064374 0.097393 0.993162 -0.060300 0.000000 0.000000 0.000000 1.000000
0.997756 0.060137 0.029441 0.000400 -0.056869 0.993212 -0.101473 10.664600 -0.035343 0.099571 0.994403 -0.060300 0.000000 0.000000 0.000000 1.000000
0.995382 0.094643 -0.016024 0.000400 -0.095868 0.988576 -0.116301 10.664600 0.004834 0.117301 0.993085 -0.060300 0.000000 0.000000 0.000000 1.000000
0.993929 0.098772 -0.048467 0.000400 -0.104846 0.983846 -0.145103 10.664600 0.033352 0.149304 0.988229 -0.060300 0.000000 0.000000 0.000000 1.000000
0.995069 0.077521 -0.061867 0.000400 -0.087682 0.979119 -0.183408 10.664600 0.046357 0.187928 0.981088 -0.060300 0.000000 0.000000 0.000000 1.000000
0.996714 0.050629 -0.063233 0.000400 -0.063368 0.973596 -0.219305 10.664600 0.050460 0.222591 0.973605 -0.060300 0.000000 0.000000 0.000000 1.000000
0.997965 0.030237 -0.056137 0.000400 -0.042923 0.969625 -0.240799 10.664600 0.047151 0.242718 0.968950 -0.060300 0.000000 0.000000 0.000000 1.000000
0.999125 0.017704 -0.037903 0.000400 -0.026439 0.969373 -0.244167 10.664600 0.032420 0.244955 0.968992 -0.060300 0.000000 0.000000 0.000000 1.000000
0.999919 0.009657 -0.008327 0.000400 -0.011346 0.971842 -0.235360 10.664600 0.005819 0.235435 0.971873 -0.060300 0.000000 0.000000 0.000000 1.000000
0.999644 0.001539 0.026641 0.000400 0.004462 0.974646 -0.223707 10.664600 -0.026310 0.223746 0.974292 -0.060300 0.000000 0.000000 0.000000 1.000000
0.998342 -0.009356 0.056803 0.000400 0.021294 0.976735 -0.213389 10.664600 -0.053485 0.214244 0.975315 -0.060300 0.000000 0.000000 0.000000 1.000000
0.996712 -0.025360 0.076954 0.000400 0.040442 0.978698 -0.201283 10.664600 -0.070210 0.203733 0.976506 -0.060300 0.000000 0.000000 0.000000 1.000000
0.995086 -0.045944 0.087711 0.000400 0.061423 0.981217 -0.182869 10.664600 -0.077662 0.187358 0.979217 -0.060300 0.000000 0.000000 0.000000 1.000000
0.993295 -0.065905 0.094981 0.000400 0.080464 0.984046 -0.158677 10.664600 -0.083008 0.165255 0.982751 -0.060300 0.000000 0.000000 0.000000 1.000000
0.991998 -0.074649 0.101819 0.000400 0.088097 0.986961 -0.134714 10.664600 -0.090435 0.142606 0.985639 -0.060300 0.000000 0.000000 0.000000 1.000000
0.992433 -0.066411 0.103277 0.000400 0.078462 0.989983 -0.117374 10.664600 -0.094447 0.124589 0.987703 -0.060300 0.000000 0.000000 0.000000 1.000000
0.994191 -0.051796 0.094344 0.000400 0.062055 0.992074 -0.109267 10.664600 -0.087937 0.114487 0.989525 -0.060300 0.000000 0.000000 0.000000 1.000000
0.995780 -0.043246 0.080944 0.000400 0.052019 0.992611 -0.109620 10.664600 -0.075605 0.113368 0.990672 -0.060300 0.000000 0.000000 0.000000 1.000000
0.996328 -0.037792 0.076829 0.000400 0.046502 0.992283 -0.114943 10.664600 -0.071892 0.118093 0.990397 -0.060300 0.000000 0.000000 0.000000 1.000000
0.995603 -0.032771 0.087759 0.000400 0.043272 0.991762 -0.120564 10.664600 -0.083085 0.123831 0.988819 -0.060300 0.000000 0.000000 0.000000 1.000000
0.994352 -0.025371 0.103051 0.000400 0.038125 0.991581 -0.123750 10.664600 -0.099044 0.126980 0.986948 -0.060300 0.000000 0.000000 0.000000 1.000000
0.994009 -0.021407 0.107185 0.000400 0.034672 0.991743 -0.123467 10.664600 -0.103657 0.126444 0.986543 -0.060300 0.000000 0.000000 0.000000 1.000000
0.994966 -0.026372 0.096683 0.000400 0.037913 0.992105 -0.119540 10.664600 -0.092767 0.122604 0.988111 -0.060300 0.000000 0.000000 0.000000 1.000000
0.995933 -0.035114 0.082975 0.000400 0.044370 0.992664 -0.112473 10.664600 -0.078417 0.115697 0.990184 -0.060300 0.000000 0.000000 0.000000 1.000000
0.996092 -0.039135 0.079183 0.000400 0.047247 0.993527 -0.103307 10.664600 -0.074627 0.106645 0.991493 -0.060300 0.000000 0.000000 0.000000 1.000000
0.995628 -0.036676 0.085907 0.000400 0.044685 0.994640 -0.093242 10.664600 -0.082026 0.096673 0.991930 -0.060300 0.000000 0.000000 0.000000 1.000000
0.995200 -0.032520 0.092299 0.000400 0.040251 0.995722 -0.083175 10.664600 -0.089199 0.086491 0.992251 -0.060300 0.000000 0.000000 0.000000 1.000000
0.995545 -0.030946 0.089059 0.000400 0.037572 0.996571 -0.073714 10.664600 -0.086473 0.076732 0.993295 -0.060300 0.000000 0.000000 0.000000 1.000000
0.996455 -0.032606 0.077551 0.000400 0.037747 0.997120 -0.065773 10.664600 -0.075183 0.068467 0.994816 -0.060300 0.000000 0.000000 0.000000 1.000000
0.997137 -0.036319 0.066329 0.000400 0.040368 0.997336 -0.060757 10.664600 -0.063946 0.063260 0.995946 -0.060300 0.000000 0.000000 0.000000 1.000000
0.997290 -0.040697 0.061282 0.000400 0.044351 0.997243 -0.059488 10.664600 -0.058692 0.062044 0.996346 -0.060300 0.000000 0.000000 0.000000 1.000000
0.997153 -0.044514 0.060870 0.000400 0.048239 0.996961 -0.061166 10.664600 -0.057963 0.063928 0.996270 -0.060300 0.000000 0.000000 0.000000 1.000000
0.997089 -0.047099 0.059958 0.000400 0.050921 0.996656 -0.063901 10.664600 -0.056747 0.066768 0.996153 -0.060300 0.000000 0.000000 0.000000 1.000000
0.997252 -0.048569 0.055948 0.000400 0.052232 0.996453 -0.065983 10.664600 -0.052544 0.068724 0.996251 -0.060300 0.000000 0.000000 0.000000 1.000000
0.997514 -0.049306 0.050342 0.000400 0.052601 0.996407 -0.066381 10.664600 -0.046888 0.068864 0.996524 -0.060300 0.000000 0.000000 0.000000 1.000000
0.997730 -0.049429 0.045729 0.000400 0.052332 0.996535 -0.064643 10.664600 -0.042375 0.066889 0.996860 -0.060300 0.000000 0.000000 0.000000 1.000000
0.997876 -0.048982 0.042938 0.000400 0.051559 0.996798 -0.061119 10.664600 -0.039807 0.063203 0.997206 -0.060300 0.000000 0.000000 0.000000 1.000000
0.997988 -0.048292 0.041083 0.000400 0.050602 0.997081 -0.057178 10.664600 -0.038202 0.059142 0.997518 -0.060300 0.000000 0.000000 0.000000 1.000000
0.998089 -0.047863 0.039080 0.000400 0.049956 0.997266 -0.054450 10.664600 -0.036367 0.056298 0.997751 -0.060300 0.000000 0.000000 0.000000 1.000000
0.998189 -0.047850 0.036456 0.000400 0.049763 0.997326 -0.053513 10.664600 -0.033798 0.055230 0.997901 -0.060300 0.000000 0.000000 0.000000 1.000000
0.998298 -0.047903 0.033271 0.000400 0.049641 0.997332 -0.053525 10.664600 -0.030618 0.055085 0.998012 -0.060300 0.000000 0.000000 0.000000 1.000000
0.998422 -0.047556 0.029862 0.000400 0.049098 0.997373 -0.053250 10.664600 -0.027251 0.054633 0.998135 -0.060300 0.000000 0.000000 0.000000 1.000000
0.998554 -0.046691 0.026642 0.000400 0.048030 0.997489 -0.052040 10.664600 -0.024145 0.053244 0.998290 -0.060300 0.000000 0.000000 0.000000 1.000000</float_array>
        <technique_common>
          <accessor source="#mixamorig_Spine-Matrix-animation-output-transform-array" count="66" stride="16">
            <param type="float4x4"/>
          </accessor>
        </technique_common>
      </source>
      <source id="mixamorig_Spine-Interpolations">
        <Name_array id="mixamorig_Spine-Interpolations-array" count="66">
 LINEAR LINEAR LINEAR LINEAR LINEAR LINEAR LINEAR LINEAR LINEAR LINEAR LINEAR
LINEAR LINEAR LINEAR LINEAR LINEAR LINEAR LINEAR LINEAR LINEAR LINEAR LINEAR LINEAR
LINEAR LINEAR LINEAR LINEAR LINEAR LINEAR LINEAR LINEAR LINEAR LINEAR LINEAR LINEAR
LINEAR LINEAR LINEAR LINEAR LINEAR LINEAR LINEAR LINEAR LINEAR LINEAR LINEAR LINEAR
LINEAR LINEAR LINEAR LINEAR LINEAR LINEAR LINEAR LINEAR LINEAR LINEAR LINEAR LINEAR
LINEAR LINEAR LINEAR LINEAR LINEAR LINEAR LINEAR</Name_array>
        <technique_common>
          <accessor source="#mixamorig_Spine-Interpolations-array" count="66">
            <param type="name"/>
          </accessor>
        </technique_common>
      </source>
      <sampler id="mixamorig_Spine-Matrix-animation-transform">
        <input semantic="INPUT" source="#mixamorig_Spine-Matrix-animation-input"/>
        <input semantic="OUTPUT" source="#mixamorig_Spine-Matrix-animation-output-transform"/>
        <input semantic="INTERPOLATION" source="#mixamorig_Spine-Interpolations"/>
      </sampler>
      <channel source="#mixamorig_Spine-Matrix-animation-transform" target="mixamorig_Spine/matrix"/>
    </animation>
    <animation id="mixamorig_Spine1-anim" name="mixamorig_Spine1">
      <source id="mixamorig_Spine1-Matrix-animation-input">
        <float_array id="mixamorig_Spine1-Matrix-animation-input-array" count="66">

0.000000 0.033333 0.066667 0.100000 0.133333 0.166667 0.200000 0.233333 0.266667 0.300000 0.333333 0.366667 0.400000 0.433333 0.466667 0.500000
0.533333 0.566667 0.600000 0.633333 0.666667 0.700000 0.733333 0.766667 0.800000 0.833333 0.866667 0.900000 0.933333 0.966667 1.000000 1.033333
1.066667 1.100000 1.133333 1.166667 1.200000 1.233333 1.266667 1.300000 1.333333 1.366667 1.400000 1.433333 1.466667 1.500000 1.533333 1.566667
1.600000 1.633333 1.666667 1.700000 1.733333 1.766667 1.800000 1.833333 1.866667 1.900000 1.933333 1.966667 2.000000 2.033333 2.066667 2.100000
2.133333 2.166667</float_array>
        <technique_common>
          <accessor source="#mixamorig_Spine1-Matrix-animation-input-array" count="66">
            <param name="TIME" type="float"/>
          </accessor>
        </technique_common>
      </source>
      <source id="mixamorig_Spine1-Matrix-animation-output-transform">
        <float_array id="mixamorig_Spine1-Matrix-animation-output-transform-array" count="1056">

0.999615 -0.027725 -0.000840 0.000000 0.027242 0.975582 0.217938 11.673000 -0.005223 -0.217877 0.975962 0.000000 0.000000 0.000000 0.000000 1.000000
0.999598 -0.028354 0.000174 0.000000 0.027637 0.975677 0.217463 11.673000 -0.006336 -0.217371 0.976069 0.000000 0.000000 0.000000 0.000000 1.000000
0.999582 -0.028908 0.000441 -0.000000 0.028127 0.975871 0.216530 11.673000 -0.006690 -0.216427 0.976276 0.000000 0.000000 0.000000 0.000000 1.000000
0.999570 -0.029305 -0.000249 -0.000000 0.028672 0.976152 0.215184 11.673000 -0.006063 -0.215099 0.976573 0.000000 0.000000 0.000000 0.000000 1.000000
0.999565 -0.029454 -0.001775 -0.000000 0.029153 0.976493 0.213567 11.673000 -0.004557 -0.213526 0.976927 0.000000 0.000000 0.000000 0.000000 1.000000
0.999569 -0.029143 -0.003671 -0.000000 0.029259 0.976873 0.211808 11.673000 -0.002586 -0.211824 0.977304 0.000000 0.000000 0.000000 0.000000 1.000000
0.999594 -0.027966 -0.005539 -0.000000 0.028505 0.977329 0.209800 11.673000 -0.000454 -0.209873 0.977729 -0.000000 0.000000 0.000000 0.000000 1.000000
0.999646 -0.025546 -0.007483 0.000000 0.026542 0.977961 0.207092 11.673000 0.002028 -0.207217 0.978293 0.000000 0.000000 0.000000 0.000000 1.000000
0.999706 -0.021941 -0.010286 -0.000000 0.023573 0.978891 0.203021 11.673000 0.005615 -0.203204 0.979120 -0.000000 0.000000 0.000000 0.000000 1.000000
0.999730 -0.017829 -0.014934 -0.000000 0.020425 0.980164 0.197132 11.673000 0.011123 -0.197383 0.980263 0.000000 0.000000 0.000000 0.000000 1.000000
0.999670 -0.014302 -0.021329 0.000000 0.018091 0.981684 0.189655 11.673000 0.018226 -0.189978 0.981619 0.000000 0.000000 0.000000 0.000000 1.000000
0.999558 -0.012357 -0.027025 -0.000000 0.017067 0.983207 0.181693 11.673000 0.024326 -0.182074 0.982984 0.000000 0.000000 0.000000 0.000000 1.000000
0.999528 -0.012276 -0.028161 0.000000 0.017015 0.984460 0.174785 11.673000 0.025578 -0.175181 0.984204 0.000000 0.000000 0.000000 0.000000 1.000000
0.999641 -0.013257 -0.023277 -0.000000 0.017024 0.985300 0.169982 11.673000 0.020681 -0.170317 0.985172 0.000000 0.000000 0.000000 0.000000 1.000000
0.999775 -0.014021 -0.015908 0.000000 0.016486 0.985773 0.167270 11.673000 0.013337 -0.167495 0.985783 -0.000000 0.000000 0.000000 0.000000 1.000000
0.999833 -0.014271 -0.011395 0.000000 0.015968 0.985964 0.166191 11.673000 0.008864 -0.166346 0.986028 -0.000000 0.000000 0.000000 0.000000 1.000000
0.999813 -0.015302 -0.011866 -0.000000 0.017068 0.985829 0.166881 11.673000 0.009145 -0.167053 0.985906 -0.000000 0.000000 0.000000 0.000000 1.000000
0.999697 -0.018487 -0.016239 0.000000 0.020977 0.985272 0.169704 11.673000 0.012862 -0.169994 0.985361 0.000000 0.000000 0.000000 0.000000 1.000000
0.999492 -0.023287 -0.021762 -0.000000 0.026725 0.984365 0.174103 11.673000 0.017368 -0.174596 0.984487 0.000000 0.000000 0.000000 0.000000 1.000000
0.999354 -0.027507 -0.023130 -0.000000 0.031209 0.983366 0.178933 11.673000 0.017824 -0.179539 0.983589 0.000000 0.000000 0.000000 0.000000 1.000000
0.999441 -0.029642 -0.015485 0.000000 0.031985 0.982455 0.183737 11.673000 0.009767 -0.184129 0.982854 -0.000000 0.000000 0.000000 0.000000 1.000000
0.999562 -0.029563 -0.001253 0.000000 0.029267 0.981546 0.188974 11.673000 -0.004357 -0.188928 0.981981 0.000000 0.000000 0.000000 0.000000 1.000000
0.999600 -0.026360 0.010238 0.000000 0.023858 0.980497 0.195081 11.673000 -0.015180 -0.194758 0.980734 -0.000000 0.000000 0.000000 0.000000 1.000000
0.999772 -0.017864 0.011704 0.000000 0.015144 0.979422 0.201253 11.673000 -0.015058 -0.201030 0.979469 0.000000 0.000000 0.000000 0.000000 1.000000
0.999980 -0.004493 0.004530 0.000000 0.003469 0.978774 0.204913 11.673000 -0.005354 -0.204894 0.978770 0.000000 0.000000 0.000000 0.000000 1.000000
0.999959 0.008382 -0.003308 -0.000000 -0.007537 0.979185 0.202831 11.673000 0.004939 -0.202798 0.979208 0.000000 0.000000 0.000000 0.000000 1.000000
0.999875 0.015069 -0.004742 -0.000000 -0.013866 0.980995 0.193534 11.673000 0.007568 -0.193445 0.981082 0.000000 0.000000 0.000000 0.000000 1.000000
0.999882 0.015389 0.000308 0.000000 -0.015195 0.983716 0.179086 11.673000 0.002453 -0.179070 0.983833 0.000000 0.000000 0.000000 0.000000 1.000000
0.999894 0.013201 0.006161 0.000000 -0.014034 0.986302 0.164352 11.673000 -0.003907 -0.164421 0.986383 0.000000 0.000000 0.000000 0.000000 1.000000
0.999903 0.010846 0.008724 0.000000 -0.012060 0.988001 0.153974 11.673000 -0.006949 -0.154064 0.988036 0.000000 0.000000 0.000000 0.000000 1.000000
0.999927 0.007210 0.009710 -0.000000 -0.008583 0.988688 0.149741 11.673000 -0.008521 -0.149814 0.988678 -0.000000 0.000000 0.000000 0.000000 1.000000
0.999915 0.000315 0.013006 -0.000000 -0.002267 0.988640 0.150287 11.673000 -0.012810 -0.150304 0.988557 0.000000 0.000000 0.000000 0.000000 1.000000
0.999765 -0.009750 0.019343 -0.000000 0.006680 0.988227 0.152849 11.673000 -0.020605 -0.152684 0.988060 0.000000 0.000000 0.000000 0.000000 1.000000
0.999445 -0.020826 0.025986 0.000000 0.016525 0.987631 0.155922 11.673000 -0.028911 -0.155406 0.987427 0.000000 0.000000 0.000000 0.000000 1.000000
0.999066 -0.030705 0.030403 -0.000000 0.025438 0.986696 0.160573 11.673000 -0.034929 -0.159650 0.986556 0.000000 0.000000 0.000000 0.000000 1.000000
0.998730 -0.038234 0.032818 0.000000 0.032170 0.985141 0.168708 11.673000 -0.038781 -0.167438 0.985120 0.000000 0.000000 0.000000 0.000000 1.000000
0.998461 -0.042789 0.035286 0.000000 0.035773 0.983048 0.179827 11.673000 -0.042383 -0.178288 0.983065 0.000000 0.000000 0.000000 0.000000 1.000000
0.998281 -0.043772 0.038982 0.000000 0.035594 0.981110 0.190148 11.673000 -0.046568 -0.188434 0.980981 0.000000 0.000000 0.000000 0.000000 1.000000
0.998252 -0.041144 0.042430 -0.000000 0.032084 0.980156 0.195614 11.673000 -0.049636 -0.193911 0.979763 0.000000 0.000000 0.000000 0.000000 1.000000
0.998425 -0.036279 0.042800 -0.000000 0.027243 0.980336 0.195445 11.673000 -0.049049 -0.193971 0.979780 -0.000000 0.000000 0.000000 0.000000 1.000000
0.998708 -0.031642 0.039768 0.000000 0.023422 0.981040 0.192386 11.673000 -0.045102 -0.191206 0.980513 0.000000 0.000000 0.000000 0.000000 1.000000
0.998900 -0.028846 0.036971 0.000000 0.021319 0.981581 0.189851 11.673000 -0.041766 -0.188854 0.981117 -0.000000 0.000000 0.000000 0.000000 1.000000
0.998921 -0.027337 0.037544 0.000000 0.019760 0.981757 0.189109 11.673000 -0.042029 -0.188163 0.981238 0.000000 0.000000 0.000000 0.000000 1.000000
0.998897 -0.025938 0.039137 0.000000 0.018074 0.981741 0.189360 11.673000 -0.043334 -0.188444 0.981127 -0.000000 0.000000 0.000000 0.000000 1.000000
0.999044 -0.024790 0.036014 0.000000 0.017509 0.981632 0.189979 11.673000 -0.040062 -0.189167 0.981127 0.000000 0.000000 0.000000 0.000000 1.000000
0.999346 -0.024651 0.026442 -0.000000 0.019138 0.981296 0.191551 11.673000 -0.030669 -0.190919 0.981126 0.000000 0.000000 0.000000 0.000000 1.000000
0.999554 -0.025424 0.015665 0.000000 0.021891 0.980620 0.194693 11.673000 -0.020312 -0.194263 0.980739 0.000000 0.000000 0.000000 0.000000 1.000000
0.999600 -0.026387 0.010213 -0.000000 0.023829 0.979711 0.198992 11.673000 -0.015256 -0.198669 0.979948 0.000000 0.000000 0.000000 0.000000 1.000000
0.999573 -0.027080 0.010973 0.000000 0.024283 0.978783 0.203454 11.673000 -0.016250 -0.203101 0.979023 -0.000000 0.000000 0.000000 0.000000 1.000000
0.999535 -0.027368 0.013463 0.000000 0.023983 0.977956 0.207431 11.673000 -0.018843 -0.207012 0.978157 0.000000 0.000000 0.000000 0.000000 1.000000
0.999538 -0.027234 0.013475 0.000000 0.023785 0.977236 0.210819 11.673000 -0.018910 -0.210401 0.977432 -0.000000 0.000000 0.000000 0.000000 1.000000
0.999578 -0.026972 0.010763 -0.000000 0.024053 0.976631 0.213572 11.673000 -0.016272 -0.213223 0.976868 0.000000 0.000000 0.000000 0.000000 1.000000
0.999601 -0.027158 0.007809 0.000000 0.024840 0.976211 0.215393 11.673000 -0.013472 -0.215113 0.976496 0.000000 0.000000 0.000000 0.000000 1.000000
0.999586 -0.028036 0.006535 -0.000000 0.025963 0.976038 0.216045 11.673000 -0.012436 -0.215786 0.976362 0.000000 0.000000 0.000000 0.000000 1.000000
0.999553 -0.029156 0.006676 -0.000000 0.027030 0.976076 0.215743 11.673000 -0.012807 -0.215466 0.976427 0.000000 0.000000 0.000000 0.000000 1.000000
0.999530 -0.029889 0.006761 0.000000 0.027737 0.976211 0.215042 11.673000 -0.013028 -0.214754 0.976581 0.000000 0.000000 0.000000 0.000000 1.000000
0.999530 -0.030072 0.005962 -0.000000 0.028094 0.976330 0.214456 11.673000 -0.012270 -0.214187 0.976716 0.000000 0.000000 0.000000 0.000000 1.000000
0.999540 -0.029952 0.004691 0.000000 0.028251 0.976361 0.214293 11.673000 -0.010999 -0.214062 0.976758 0.000000 0.000000 0.000000 0.000000 1.000000
0.999551 -0.029742 0.003748 -0.000000 0.028245 0.976271 0.214702 11.673000 -0.010045 -0.214500 0.976672 0.000000 0.000000 0.000000 0.000000 1.000000
0.999560 -0.029478 0.003380 -0.000000 0.028057 0.976079 0.215598 11.673000 -0.009655 -0.215409 0.976476 0.000000 0.000000 0.000000 0.000000 1.000000
0.999568 -0.029201 0.003243 0.000000 0.027806 0.975864 0.216602 11.673000 -0.009489 -0.216418 0.976255 0.000000 0.000000 0.000000 0.000000 1.000000
0.999575 -0.029009 0.002912 0.000000 0.027684 0.975720 0.217264 11.673000 -0.009144 -0.217091 0.976109 0.000000 0.000000 0.000000 0.000000 1.000000
0.999580 -0.028898 0.002220 0.000000 0.027724 0.975678 0.217449 11.673000 -0.008450 -0.217296 0.976069 -0.000000 0.000000 0.000000 0.000000 1.000000
0.999587 -0.028708 0.001242 -0.000000 0.027751 0.975683 0.217423 11.673000 -0.007453 -0.217299 0.976077 0.000000 0.000000 0.000000 0.000000 1.000000
0.999599 -0.028311 0.000162 0.000000 0.027598 0.975662 0.217534 11.673000 -0.006316 -0.217442 0.976053 0.000000 0.000000 0.000000 0.000000 1.000000
0.999615 -0.027725 -0.000840 0.000000 0.027242 0.975582 0.217938 11.673000 -0.005223 -0.217877 0.975962 -0.000000 0.000000 0.000000 0.000000 1.000000</float_array>
        <technique_common>
          <accessor source="#mixamorig_Spine1-Matrix-animation-output-transform-array" count="66" stride="16">
            <param type="float4x4"/>
          </accessor>
        </technique_common>
      </source>
      <source id="mixamorig_Spine1-Interpolations">
        <Name_array id="mixamorig_Spine1-Interpolations-array" count="66">
 LINEAR LINEAR LINEAR LINEAR LINEAR LINEAR LINEAR LINEAR LINEAR LINEAR LINEAR
LINEAR LINEAR LINEAR LINEAR LINEAR LINEAR LINEAR LINEAR LINEAR LINEAR LINEAR LINEAR
LINEAR LINEAR LINEAR LINEAR LINEAR LINEAR LINEAR LINEAR LINEAR LINEAR LINEAR LINEAR
LINEAR LINEAR LINEAR LINEAR LINEAR LINEAR LINEAR LINEAR LINEAR LINEAR LINEAR LINEAR
LINEAR LINEAR LINEAR LINEAR LINEAR LINEAR LINEAR LINEAR LINEAR LINEAR LINEAR LINEAR
LINEAR LINEAR LINEAR LINEAR LINEAR LINEAR LINEAR</Name_array>
        <technique_common>
          <accessor source="#mixamorig_Spine1-Interpolations-array" count="66">
            <param type="name"/>
          </accessor>
        </technique_common>
      </source>
      <sampler id="mixamorig_Spine1-Matrix-animation-transform">
        <input semantic="INPUT" source="#mixamorig_Spine1-Matrix-animation-input"/>
        <input semantic="OUTPUT" source="#mixamorig_Spine1-Matrix-animation-output-transform"/>
        <input semantic="INTERPOLATION" source="#mixamorig_Spine1-Interpolations"/>
      </sampler>
      <channel source="#mixamorig_Spine1-Matrix-animation-transform" target="mixamorig_Spine1/matrix"/>
    </animation>
    <animation id="mixamorig_Spine2-anim" name="mixamorig_Spine2">
      <source id="mixamorig_Spine2-Matrix-animation-input">
        <float_array id="mixamorig_Spine2-Matrix-animation-input-array" count="66">

0.000000 0.033333 0.066667 0.100000 0.133333 0.166667 0.200000 0.233333 0.266667 0.300000 0.333333 0.366667 0.400000 0.433333 0.466667 0.500000
0.533333 0.566667 0.600000 0.633333 0.666667 0.700000 0.733333 0.766667 0.800000 0.833333 0.866667 0.900000 0.933333 0.966667 1.000000 1.033333
1.066667 1.100000 1.133333 1.166667 1.200000 1.233333 1.266667 1.300000 1.333333 1.366667 1.400000 1.433333 1.466667 1.500000 1.533333 1.566667
1.600000 1.633333 1.666667 1.700000 1.733333 1.766667 1.800000 1.833333 1.866667 1.900000 1.933333 1.966667 2.000000 2.033333 2.066667 2.100000
2.133333 2.166667</float_array>
        <technique_common>
          <accessor source="#mixamorig_Spine2-Matrix-animation-input-array" count="66">
            <param name="TIME" type="float"/>
          </accessor>
        </technique_common>
      </source>
      <source id="mixamorig_Spine2-Matrix-animation-output-transform">
        <float_array id="mixamorig_Spine2-Matrix-animation-output-transform-array" count="1056">

0.997833 -0.065356 -0.007556 0.000000 0.064851 0.996409 -0.054432 14.006800 0.011086 0.053825 0.998489 0.000000 0.000000 0.000000 0.000000 1.000000
0.997802 -0.065951 -0.006521 0.000000 0.065495 0.996340 -0.054920 14.006800 0.010119 0.054372 0.998469 0.000000 0.000000 0.000000 0.000000 1.000000
0.997767 -0.066502 -0.006237 0.000000 0.066052 0.996250 -0.055877 14.006800 0.009929 0.055340 0.998418 0.000000 0.000000 0.000000 0.000000 1.000000
