<?xml version="1.0" encoding="utf-8"?>
<COLLADA xmlns="http://www.collada.org/2005/11/COLLADASchema" version="1.4.1">
  <asset>
    <contributor>
      <author>Mixamo</author>
      <authoring_tool>COLLADA Mixamo exporter</authoring_tool>
      <comments/>
    </contributor>
    <created>2025-01-30T16:55:22Z</created>
    <modified>2025-01-30T16:55:22Z</modified>
    <revision/>
    <title/>
    <unit meter="0.010000"/>
    <up_axis>Y_UP</up_axis>
  </asset>
  <library_animations>
    <animation id="mixamorig_Hips-anim" name="mixamorig_Hips">
      <source id="mixamorig_Hips-Matrix-animation-input">
        <float_array id="mixamorig_Hips-Matrix-animation-input-array" count="30">

0.000000 0.033333 0.066667 0.100000 0.133333 0.166667 0.200000 0.233333 0.266667 0.300000 0.333333 0.366667 0.400000 0.433333 0.466667 0.500000
0.533333 0.566667 0.600000 0.633333 0.666667 0.700000 0.733333 0.766667 0.800000 0.833333 0.866667 0.900000 0.933333 0.966667</float_array>
        <technique_common>
          <accessor source="#mixamorig_Hips-Matrix-animation-input-array" count="30">
            <param name="TIME" type="float"/>
          </accessor>
        </technique_common>
      </source>
      <source id="mixamorig_Hips-Matrix-animation-output-transform">
        <float_array id="mixamorig_Hips-Matrix-animation-output-transform-array" count="480">

0.981147 0.081148 0.175402 0.246809 -0.083327 0.996509 0.005078 109.620399 -0.174378 -0.019598 0.984484 0.079761 0.000000 0.000000 0.000000 1.000000
0.987021 0.063807 0.147371 0.546051 -0.063242 0.997962 -0.008521 109.987076 -0.147614 -0.000910 0.989045 -0.131086 0.000000 0.000000 0.000000 1.000000
0.993472 0.043693 0.105380 0.923436 -0.041392 0.998856 -0.023925 109.788498 -0.106305 0.019407 0.994144 -0.345249 0.000000 0.000000 0.000000 1.000000
0.998212 0.018924 0.056690 1.351619 -0.016814 0.999156 -0.037472 109.274536 -0.057352 0.036452 0.997688 -0.456920 0.000000 0.000000 0.000000 1.000000
0.999951 0.000160 0.009944 1.749028 0.000280 0.999019 -0.044278 108.595497 -0.009941 0.044279 0.998970 -0.334030 0.000000 0.000000 0.000000 1.000000
0.999578 -0.003165 -0.028875 2.084080 0.001923 0.999076 -0.042941 107.757225 0.028984 0.042867 0.998660 0.110067 0.000000 0.000000 0.000000 1.000000
0.998158 -0.001310 -0.060648 2.553653 -0.001205 0.999141 -0.041414 106.485611 0.060650 0.041411 0.997300 0.903354 0.000000 0.000000 0.000000 1.000000
0.996872 -0.007441 -0.078678 2.980812 0.004161 0.999118 -0.041779 105.393112 0.078920 0.041321 0.996024 1.507101 0.000000 0.000000 0.000000 1.000000
0.996531 -0.027309 -0.078608 3.468117 0.024557 0.999059 -0.035759 105.575729 0.079511 0.033705 0.996264 2.074926 0.000000 0.000000 0.000000 1.000000
0.996219 -0.041787 -0.076165 3.994879 0.040220 0.998949 -0.021984 105.845497 0.077004 0.018837 0.996853 3.045948 0.000000 0.000000 0.000000 1.000000
0.995350 -0.063025 -0.072847 4.682757 0.062262 0.997979 -0.012710 106.206169 0.073501 0.008116 0.997262 3.774453 0.000000 0.000000 0.000000 1.000000
0.994456 -0.085920 -0.060628 5.407161 0.085797 0.996302 -0.004631 106.885269 0.060802 -0.000597 0.998150 4.015790 0.000000 0.000000 0.000000 1.000000
0.992882 -0.106990 -0.052339 5.901971 0.107175 0.994240 0.000738 107.607277 0.051958 -0.006342 0.998629 3.679798 0.000000 0.000000 0.000000 1.000000
0.991883 -0.115093 -0.054060 6.128064 0.115352 0.993323 0.001674 108.527374 0.053507 -0.007897 0.998536 3.162143 0.000000 0.000000 0.000000 1.000000
0.992129 -0.110447 -0.059003 6.078853 0.110737 0.993848 0.001667 109.443008 0.058456 -0.008187 0.998256 2.603812 0.000000 0.000000 0.000000 1.000000
0.993778 -0.100960 -0.047043 5.882047 0.100801 0.994890 -0.005739 109.912140 0.047382 0.000962 0.998876 2.047382 0.000000 0.000000 0.000000 1.000000
0.996387 -0.082580 -0.019860 5.557793 0.082301 0.996502 -0.014501 110.155205 0.020988 0.012814 0.999698 1.640573 0.000000 0.000000 0.000000 1.000000
0.998378 -0.055147 0.014164 5.034230 0.055419 0.998271 -0.019583 110.177979 -0.013060 0.020337 0.999708 1.308185 0.000000 0.000000 0.000000 1.000000
0.998358 -0.034175 0.045982 4.548149 0.035084 0.999202 -0.019112 109.775307 -0.045292 0.020694 0.998759 1.175192 0.000000 0.000000 0.000000 1.000000
0.996478 -0.027886 0.079087 4.055987 0.028943 0.999506 -0.012244 108.766304 -0.078707 0.014489 0.996793 1.519085 0.000000 0.000000 0.000000 1.000000
0.993142 -0.026261 0.113925 3.610040 0.027516 0.999577 -0.009457 106.964615 -0.113629 0.012527 0.993444 1.818482 0.000000 0.000000 0.000000 1.000000
0.989961 -0.020911 0.139787 3.164015 0.021569 0.999762 -0.003192 105.835518 -0.139687 0.006175 0.990176 2.174511 0.000000 0.000000 0.000000 1.000000
0.988957 -0.008403 0.147966 2.706156 0.008014 0.999963 0.003230 105.593643 -0.147988 -0.002008 0.988987 2.563003 0.000000 0.000000 0.000000 1.000000
0.988516 0.004011 0.151064 2.144407 -0.005336 0.999951 0.008363 105.837219 -0.151023 -0.009073 0.988489 3.045442 0.000000 0.000000 0.000000 1.000000
0.988047 0.021554 0.152639 1.497534 -0.023703 0.999644 0.012273 105.968353 -0.152320 -0.015744 0.988206 3.542176 0.000000 0.000000 0.000000 1.000000
0.987962 0.044049 0.148292 0.866899 -0.046128 0.998879 0.010611 106.221458 -0.147658 -0.017323 0.988887 3.596228 0.000000 0.000000 0.000000 1.000000
0.986959 0.067833 0.145984 0.409761 -0.069377 0.997575 0.005504 106.712860 -0.145257 -0.015561 0.989272 2.970831 0.000000 0.000000 0.000000 1.000000
0.984444 0.086005 0.153207 0.159435 -0.087197 0.996190 0.001067 107.851883 -0.152531 -0.014410 0.988194 2.070560 0.000000 0.000000 0.000000 1.000000
0.980931 0.090420 0.172044 0.102692 -0.092039 0.995754 0.001443 108.920166 -0.171183 -0.017250 0.985088 1.045890 0.000000 0.000000 0.000000 1.000000
0.981147 0.081148 0.175402 0.246811 -0.083327 0.996509 0.005078 109.620399 -0.174378 -0.019598 0.984484 0.079760 0.000000 0.000000 0.000000 1.000000</float_array>
        <technique_common>
          <accessor source="#mixamorig_Hips-Matrix-animation-output-transform-array" count="30" stride="16">
            <param type="float4x4"/>
          </accessor>
        </technique_common>
      </source>
      <source id="mixamorig_Hips-Interpolations">
        <Name_array id="mixamorig_Hips-Interpolations-array" count="30">
 LINEAR LINEAR LINEAR LINEAR LINEAR LINEAR LINEAR LINEAR LINEAR LINEAR LINEAR
LINEAR LINEAR LINEAR LINEAR LINEAR LINEAR LINEAR LINEAR LINEAR LINEAR LINEAR LINEAR
LINEAR LINEAR LINEAR LINEAR LINEAR LINEAR LINEAR</Name_array>
        <technique_common>
          <accessor source="#mixamorig_Hips-Interpolations-array" count="30">
            <param type="name"/>
          </accessor>
        </technique_common>
      </source>
      <sampler id="mixamorig_Hips-Matrix-animation-transform">
        <input semantic="INPUT" source="#mixamorig_Hips-Matrix-animation-input"/>
        <input semantic="OUTPUT" source="#mixamorig_Hips-Matrix-animation-output-transform"/>
        <input semantic="INTERPOLATION" source="#mixamorig_Hips-Interpolations"/>
      </sampler>
      <channel source="#mixamorig_Hips-Matrix-animation-transform" target="mixamorig_Hips/matrix"/>
    </animation>
    <animation id="mixamorig_Spine-anim" name="mixamorig_Spine">
      <source id="mixamorig_Spine-Matrix-animation-input">
        <float_array id="mixamorig_Spine-Matrix-animation-input-array" count="30">

0.000000 0.033333 0.066667 0.100000 0.133333 0.166667 0.200000 0.233333 0.266667 0.300000 0.333333 0.366667 0.400000 0.433333 0.466667 0.500000
0.533333 0.566667 0.600000 0.633333 0.666667 0.700000 0.733333 0.766667 0.800000 0.833333 0.866667 0.900000 0.933333 0.966667</float_array>
        <technique_common>
          <accessor source="#mixamorig_Spine-Matrix-animation-input-array" count="30">
            <param name="TIME" type="float"/>
          </accessor>
        </technique_common>
      </source>
      <source id="mixamorig_Spine-Matrix-animation-output-transform">
        <float_array id="mixamorig_Spine-Matrix-animation-output-transform-array" count="480">

0.998011 -0.061514 -0.013789 0.000400 0.060913 0.997325 -0.040412 10.664600 0.016238 0.039491 0.999088 -0.060300 0.000000 0.000000 0.000000 1.000000
0.998684 -0.051078 -0.004683 0.000400 0.050894 0.998143 -0.033459 10.664600 0.006383 0.033176 0.999429 -0.060300 0.000000 0.000000 0.000000 1.000000
0.999240 -0.038641 0.005047 0.000400 0.038756 0.998936 -0.024982 10.664600 -0.004076 0.025158 0.999675 -0.060300 0.000000 0.000000 0.000000 1.000000
0.999520 -0.028309 0.012577 0.000400 0.028539 0.999422 -0.018485 10.664600 -0.012046 0.018835 0.999750 -0.060300 0.000000 0.000000 0.000000 1.000000
0.999476 -0.025650 0.019736 0.000400 0.025919 0.999573 -0.013503 10.664600 -0.019381 0.014008 0.999714 -0.060300 0.000000 0.000000 0.000000 1.000000
0.998863 -0.037436 0.029523 0.000400 0.037687 0.999258 -0.007979 10.664600 -0.029203 0.009082 0.999532 -0.060300 0.000000 0.000000 0.000000 1.000000
0.997737 -0.053345 0.040930 0.000400 0.053183 0.998572 0.005045 10.664600 -0.041141 -0.002857 0.999149 -0.060300 0.000000 0.000000 0.000000 1.000000
0.997907 -0.049203 0.041949 0.000400 0.049024 0.998784 0.005268 10.664600 -0.042157 -0.003200 0.999106 -0.060300 0.000000 0.000000 0.000000 1.000000
0.999141 -0.024440 0.033452 0.000400 0.024531 0.999696 -0.002305 10.664600 -0.033386 0.003124 0.999438 -0.060300 0.000000 0.000000 0.000000 1.000000
0.999567 -0.007783 0.028384 0.000400 0.008073 0.999917 -0.010086 10.664600 -0.028303 0.010311 0.999546 -0.060300 0.000000 0.000000 0.000000 1.000000
0.999702 0.004744 0.023929 0.000400 -0.004203 0.999736 -0.022581 10.664600 -0.024030 0.022473 0.999459 -0.060300 0.000000 0.000000 0.000000 1.000000
0.999749 0.015249 0.016405 0.000400 -0.014638 0.999217 -0.036744 10.664600 -0.016952 0.036495 0.999190 -0.060300 0.000000 0.000000 0.000000 1.000000
0.999656 0.023746 0.011099 0.000400 -0.023176 0.998530 -0.048987 10.664600 -0.012246 0.048713 0.998738 -0.060300 0.000000 0.000000 0.000000 1.000000
0.999711 0.022331 0.008884 0.000400 -0.021773 0.998044 -0.058609 10.664600 -0.010175 0.058398 0.998242 -0.060300 0.000000 0.000000 0.000000 1.000000
0.999838 0.017208 0.005290 0.000400 -0.016827 0.997735 -0.065123 10.664600 -0.006399 0.065023 0.997863 -0.060300 0.000000 0.000000 0.000000 1.000000
0.999924 0.012030 -0.002533 0.000400 -0.012164 0.998006 -0.061936 10.664600 0.001783 0.061962 0.998077 -0.060300 0.000000 0.000000 0.000000 1.000000
0.999938 0.001743 -0.010985 0.000400 -0.002308 0.998665 -0.051594 10.664600 0.010880 0.051617 0.998608 -0.060300 0.000000 0.000000 0.000000 1.000000
0.999760 -0.011688 -0.018523 0.000400 0.010910 0.999077 -0.041546 10.664600 0.018992 0.041334 0.998965 -0.060300 0.000000 0.000000 0.000000 1.000000
0.999563 -0.015525 -0.025152 0.000400 0.014684 0.999338 -0.033277 10.664600 0.025652 0.032893 0.999130 -0.060300 0.000000 0.000000 0.000000 1.000000
0.999336 -0.001662 -0.036410 0.000400 0.000744 0.999681 -0.025230 10.664600 0.036440 0.025186 0.999018 -0.060300 0.000000 0.000000 0.000000 1.000000
0.998742 0.013416 -0.048313 0.000400 -0.014247 0.999756 -0.016890 10.664600 0.048074 0.017557 0.998689 -0.060300 0.000000 0.000000 0.000000 1.000000
0.998596 0.012611 -0.051456 0.000400 -0.013637 0.999714 -0.019647 10.664600 0.051194 0.020321 0.998482 -0.060300 0.000000 0.000000 0.000000 1.000000
0.998932 -0.004055 -0.046021 0.000400 0.002982 0.999723 -0.023365 10.664600 0.046103 0.023202 0.998667 -0.060300 0.000000 0.000000 0.000000 1.000000
0.998947 -0.019159 -0.041684 0.000400 0.018175 0.999550 -0.023865 10.664600 0.042123 0.023082 0.998846 -0.060300 0.000000 0.000000 0.000000 1.000000
0.998780 -0.030806 -0.038592 0.000400 0.029789 0.999201 -0.026653 10.664600 0.039382 0.025470 0.998900 -0.060300 0.000000 0.000000 0.000000 1.000000
0.998302 -0.047770 -0.033342 0.000400 0.046800 0.998475 -0.029294 10.664600 0.034691 0.027684 0.999015 -0.060300 0.000000 0.000000 0.000000 1.000000
0.997719 -0.061464 -0.027903 0.000400 0.060616 0.997701 -0.030299 10.664600 0.029701 0.028538 0.999151 -0.060300 0.000000 0.000000 0.000000 1.000000
0.997466 -0.066702 -0.024749 0.000400 0.066011 0.997432 -0.027771 10.664600 0.026538 0.026067 0.999308 -0.060300 0.000000 0.000000 0.000000 1.000000
0.997583 -0.066326 -0.020698 0.000400 0.065588 0.997250 -0.034512 10.664600 0.022930 0.033071 0.999190 -0.060300 0.000000 0.000000 0.000000 1.000000
0.998011 -0.061514 -0.013789 0.000400 0.060913 0.997325 -0.040412 10.664600 0.016238 0.039491 0.999088 -0.060300 0.000000 0.000000 0.000000 1.000000</float_array>
        <technique_common>
          <accessor source="#mixamorig_Spine-Matrix-animation-output-transform-array" count="30" stride="16">
            <param type="float4x4"/>
          </accessor>
        </technique_common>
      </source>
      <source id="mixamorig_Spine-Interpolations">
        <Name_array id="mixamorig_Spine-Interpolations-array" count="30">
 LINEAR LINEAR LINEAR LINEAR LINEAR LINEAR LINEAR LINEAR LINEAR LINEAR LINEAR
LINEAR LINEAR LINEAR LINEAR LINEAR LINEAR LINEAR LINEAR LINEAR LINEAR LINEAR LINEAR
LINEAR LINEAR LINEAR LINEAR LINEAR LINEAR LINEAR</Name_array>
        <technique_common>
          <accessor source="#mixamorig_Spine-Interpolations-array" count="30">
            <param type="name"/>
          </accessor>
        </technique_common>
      </source>
      <sampler id="mixamorig_Spine-Matrix-animation-transform">
        <input semantic="INPUT" source="#mixamorig_Spine-Matrix-animation-input"/>
        <input semantic="OUTPUT" source="#mixamorig_Spine-Matrix-animation-output-transform"/>
        <input semantic="INTERPOLATION" source="#mixamorig_Spine-Interpolations"/>
      </sampler>
      <channel source="#mixamorig_Spine-Matrix-animation-transform" target="mixamorig_Spine/matrix"/>
    </animation>
    <animation id="mixamorig_Spine1-anim" name="mixamorig_Spine1">
      <source id="mixamorig_Spine1-Matrix-animation-input">
        <float_array id="mixamorig_Spine1-Matrix-animation-input-array" count="30">

0.000000 0.033333 0.066667 0.100000 0.133333 0.166667 0.200000 0.233333 0.266667 0.300000 0.333333 0.366667 0.400000 0.433333 0.466667 0.500000
0.533333 0.566667 0.600000 0.633333 0.666667 0.700000 0.733333 0.766667 0.800000 0.833333 0.866667 0.900000 0.933333 0.966667</float_array>
        <technique_common>
          <accessor source="#mixamorig_Spine1-Matrix-animation-input-array" count="30">
            <param name="TIME" type="float"/>
          </accessor>
        </technique_common>
      </source>
      <source id="mixamorig_Spine1-Matrix-animation-output-transform">
        <float_array id="mixamorig_Spine1-Matrix-animation-output-transform-array" count="480">

0.999100 -0.004644 -0.042153 -0.000000 0.013382 0.977731 0.209436 11.673000 0.040242 -0.209811 0.976913 0.000000 0.000000 0.000000 0.000000 1.000000
0.999750 0.000487 -0.022365 0.000000 0.004337 0.976570 0.215156 11.673000 0.021946 -0.215200 0.976323 0.000000 0.000000 0.000000 0.000000 1.000000
0.999999 0.000486 -0.001151 0.000000 -0.000224 0.976085 0.217390 11.673000 0.001229 -0.217390 0.976084 0.000000 0.000000 0.000000 0.000000 1.000000
0.999857 0.005589 0.015930 0.000000 -0.008945 0.975641 0.219190 11.673000 -0.014317 -0.219301 0.975552 0.000000 0.000000 0.000000 0.000000 1.000000
0.999494 0.009550 0.030352 0.000000 -0.015864 0.976444 0.215189 11.673000 -0.027582 -0.215561 0.976101 -0.000000 0.000000 0.000000 0.000000 1.000000
0.999107 0.014465 0.039686 0.000000 -0.022399 0.977991 0.207440 11.673000 -0.035812 -0.208144 0.977442 0.000000 0.000000 0.000000 0.000000 1.000000
0.998713 0.019573 0.046785 0.000000 -0.028533 0.979524 0.199295 11.673000 -0.041926 -0.200374 0.978822 0.000000 0.000000 0.000000 0.000000 1.000000
0.998458 0.018402 0.052369 0.000000 -0.028592 0.979159 0.201074 11.673000 -0.047578 -0.202261 0.978175 0.000000 0.000000 0.000000 0.000000 1.000000
0.998472 0.013924 0.053476 0.000000 -0.024739 0.977970 0.207276 11.673000 -0.049412 -0.208283 0.976820 -0.000000 0.000000 0.000000 0.000000 1.000000
0.998580 0.012130 0.051867 0.000000 -0.022901 0.976907 0.212432 11.673000 -0.048092 -0.213319 0.975798 -0.000000 0.000000 0.000000 0.000000 1.000000
0.998739 0.016631 0.047363 0.000000 -0.026616 0.975422 0.218733 11.673000 -0.042561 -0.219718 0.974635 0.000000 0.000000 0.000000 0.000000 1.000000
0.999013 0.022152 0.038508 0.000000 -0.030075 0.975213 0.219216 11.673000 -0.032698 -0.220158 0.974916 0.000000 0.000000 0.000000 0.000000 1.000000
0.999132 0.027626 0.031186 0.000000 -0.033713 0.975902 0.215591 11.673000 -0.024478 -0.216456 0.975986 0.000000 0.000000 0.000000 0.000000 1.000000
0.999165 0.031089 0.026502 0.000000 -0.036042 0.976258 0.213591 11.673000 -0.019233 -0.214367 0.976564 0.000000 0.000000 0.000000 0.000000 1.000000
0.999411 0.029323 0.017827 0.000000 -0.032447 0.976586 0.212667 11.673000 -0.011174 -0.213120 0.976962 0.000000 0.000000 0.000000 0.000000 1.000000
0.999626 0.027322 0.001272 0.000000 -0.026960 0.976383 0.214356 11.673000 0.004614 -0.214310 0.976755 -0.000000 0.000000 0.000000 0.000000 1.000000
0.999510 0.025362 -0.018341 0.000000 -0.020864 0.976700 0.213592 11.673000 0.023330 -0.213105 0.976751 -0.000000 0.000000 0.000000 0.000000 1.000000
0.999036 0.022934 -0.037420 0.000000 -0.014586 0.977643 0.209766 11.673000 0.041394 -0.209018 0.977035 0.000000 0.000000 0.000000 0.000000 1.000000
0.998482 0.017569 -0.052201 0.000000 -0.006722 0.979547 0.201102 11.673000 0.054667 -0.200446 0.978178 -0.000000 0.000000 0.000000 0.000000 1.000000
0.997916 0.008658 -0.063937 0.000000 0.003607 0.981922 0.189253 11.673000 0.064419 -0.189089 0.979845 -0.000000 0.000000 0.000000 0.000000 1.000000
0.997181 0.001833 -0.075014 0.000000 0.011789 0.983460 0.180739 11.673000 0.074105 -0.181114 0.980666 0.000000 0.000000 0.000000 0.000000 1.000000
0.996635 0.002371 -0.081931 0.000000 0.012645 0.983168 0.182266 11.673000 0.080984 -0.182689 0.979830 0.000000 0.000000 0.000000 0.000000 1.000000
0.996458 0.007953 -0.083715 -0.000000 0.008018 0.981996 0.188730 11.673000 0.083709 -0.188733 0.978454 0.000000 0.000000 0.000000 0.000000 1.000000
0.996339 0.013237 -0.084458 -0.000000 0.003648 0.980458 0.196695 11.673000 0.085411 -0.196283 0.976820 -0.000000 0.000000 0.000000 0.000000 1.000000
0.996600 0.010473 -0.081723 0.000000 0.006458 0.978908 0.204201 11.673000 0.082138 -0.204035 0.975512 -0.000000 0.000000 0.000000 0.000000 1.000000
0.996973 0.007744 -0.077365 -0.000000 0.008732 0.977581 0.210379 11.673000 0.077260 -0.210418 0.974554 0.000000 0.000000 0.000000 0.000000 1.000000
0.997452 0.000064 -0.071336 0.000000 0.015037 0.977344 0.211123 11.673000 0.069734 -0.211658 0.974853 0.000000 0.000000 0.000000 0.000000 1.000000
0.997806 -0.009092 -0.065576 0.000000 0.022555 0.977952 0.207610 11.673000 0.062242 -0.208633 0.976011 0.000000 0.000000 0.000000 0.000000 1.000000
0.998294 -0.011655 -0.057217 -0.000000 0.023342 0.977836 0.208069 11.673000 0.053524 -0.209049 0.976439 0.000000 0.000000 0.000000 0.000000 1.000000
0.999100 -0.004644 -0.042153 0.000000 0.013382 0.977731 0.209436 11.673000 0.040242 -0.209811 0.976913 0.000000 0.000000 0.000000 0.000000 1.000000</float_array>
        <technique_common>
          <accessor source="#mixamorig_Spine1-Matrix-animation-output-transform-array" count="30" stride="16">
            <param type="float4x4"/>
          </accessor>
        </technique_common>
      </source>
      <source id="mixamorig_Spine1-Interpolations">
        <Name_array id="mixamorig_Spine1-Interpolations-array" count="30">
 LINEAR LINEAR LINEAR LINEAR LINEAR LINEAR LINEAR LINEAR LINEAR LINEAR LINEAR
LINEAR LINEAR LINEAR LINEAR LINEAR LINEAR LINEAR LINEAR LINEAR LINEAR LINEAR LINEAR
LINEAR LINEAR LINEAR LINEAR LINEAR LINEAR LINEAR</Name_array>
        <technique_common>
          <accessor source="#mixamorig_Spine1-Interpolations-array" count="30">
            <param type="name"/>
          </accessor>
        </technique_common>
      </source>
      <sampler id="mixamorig_Spine1-Matrix-animation-transform">
        <input semantic="INPUT" source="#mixamorig_Spine1-Matrix-animation-input"/>
        <input semantic="OUTPUT" source="#mixamorig_Spine1-Matrix-animation-output-transform"/>
        <input semantic="INTERPOLATION" source="#mixamorig_Spine1-Interpolations"/>
      </sampler>
      <channel source="#mixamorig_Spine1-Matrix-animation-transform" target="mixamorig_Spine1/matrix"/>
    </animation>
    <animation id="mixamorig_Spine2-anim" name="mixamorig_Spine2">
      <source id="mixamorig_Spine2-Matrix-animation-input">
        <float_array id="mixamorig_Spine2-Matrix-animation-input-array" count="30">

0.000000 0.033333 0.066667 0.100000 0.133333 0.166667 0.200000 0.233333 0.266667 0.300000 0.333333 0.366667 0.400000 0.433333 0.466667 0.500000
0.533333 0.566667 0.600000 0.633333 0.666667 0.700000 0.733333 0.766667 0.800000 0.833333 0.866667 0.900000 0.933333 0.966667</float_array>
        <technique_common>
          <accessor source="#mixamorig_Spine2-Matrix-animation-input-array" count="30">
            <param name="TIME" type="float"/>
          </accessor>
        </technique_common>
      </source>
      <source id="mixamorig_Spine2-Matrix-animation-output-transform">
        <float_array id="mixamorig_Spine2-Matrix-animation-output-transform-array" count="480">

0.998291 -0.033424 -0.047940 0.000000 0.034259 0.999273 0.016705 14.006800 0.047347 -0.018318 0.998711 -0.000000 0.000000 0.000000 0.000000 1.000000
0.999208 -0.028139 -0.028152 0.000000 0.028756 0.999350 0.021763 14.006800 0.027522 -0.022555 0.999367 -0.000000 0.000000 0.000000 0.000000 1.000000
0.999580 -0.028086 -0.007110 0.000000 0.028245 0.999328 0.023366 14.006800 0.006449 -0.023557 0.999702 0.000000 0.000000 0.000000 0.000000 1.000000
0.999682 -0.023125 0.010008 0.000000 0.022870 0.999429 0.024886 14.006800 -0.010578 -0.024649 0.999640 0.000000 0.000000 0.000000 0.000000 1.000000
0.999508 -0.019454 0.024604 0.000000 0.018952 0.999611 0.020482 14.006800 -0.024993 -0.020006 0.999487 -0.000000 0.000000 0.000000 0.000000 1.000000
0.999301 -0.014912 0.034289 0.000000 0.014500 0.999820 0.012217 14.006800 -0.034465 -0.011711 0.999337 0.000000 0.000000 0.000000 0.000000 1.000000
0.999068 -0.010455 0.041873 0.000000 0.010314 0.999940 0.003578 14.006800 -0.041908 -0.003143 0.999117 0.000000 0.000000 0.000000 0.000000 1.000000
0.998805 -0.011849 0.047423 -0.000000 0.011612 0.999919 0.005272 14.006800 -0.047482 -0.004715 0.998861 0.000000 0.000000 0.000000 0.000000 1.000000
0.998720 -0.016045 0.047959 0.000000 0.015490 0.999809 0.011929 14.006800 -0.048141 -0.011171 0.998778 0.000000 0.000000 0.000000 0.000000 1.000000
0.998791 -0.017460 0.045947 0.000000 0.016668 0.999707 0.017548 14.006800 -0.046240 -0.016761 0.998790 -0.000000 0.000000 0.000000 0.000000 1.000000
0.999076 -0.012403 0.041151 0.000000 0.011409 0.999640 0.024292 14.006800 -0.041438 -0.023800 0.998858 -0.000000 0.000000 0.000000 0.000000 1.000000
0.999474 -0.006441 0.031774 0.000000 0.005645 0.999670 0.025054 14.006800 -0.031924 -0.024862 0.999181 0.000000 0.000000 0.000000 0.000000 1.000000
0.999710 -0.000777 0.024082 0.000000 0.000261 0.999770 0.021432 14.006800 -0.024093 -0.021420 0.999480 0.000000 0.000000 0.000000 0.000000 1.000000
0.999809 0.002741 0.019338 -0.000000 -0.003115 0.999808 0.019323 14.006800 -0.019282 -0.019379 0.999626 -0.000000 0.000000 0.000000 0.000000 1.000000
0.999942 0.000865 0.010707 0.000000 -0.001062 0.999831 0.018374 14.006800 -0.010689 -0.018385 0.999774 -0.000000 0.000000 0.000000 0.000000 1.000000
0.999983 -0.001449 -0.005665 0.000000 0.001564 0.999793 0.020304 14.006800 0.005635 -0.020312 0.999778 0.000000 0.000000 0.000000 0.000000 1.000000
0.999684 -0.003563 -0.024880 -0.000000 0.004059 0.999793 0.019935 14.006800 0.024804 -0.020030 0.999492 0.000000 0.000000 0.000000 0.000000 1.000000
0.999033 -0.005794 -0.043593 -0.000000 0.006527 0.999839 0.016688 14.006800 0.043490 -0.016957 0.998910 0.000000 0.000000 0.000000 0.000000 1.000000
0.998235 -0.010599 -0.058428 0.000000 0.011093 0.999905 0.008147 14.006800 0.058336 -0.008780 0.998258 0.000000 0.000000 0.000000 0.000000 1.000000
0.997338 -0.018711 -0.070481 -0.000000 0.018464 0.999821 -0.004156 14.006800 0.070546 0.002843 0.997504 -0.000000 0.000000 0.000000 0.000000 1.000000
0.996350 -0.024600 -0.081744 0.000000 0.023603 0.999635 -0.013134 14.006800 0.082038 0.011157 0.996567 0.000000 0.000000 0.000000 0.000000 1.000000
0.995775 -0.024022 -0.088632 0.000000 0.023086 0.999666 -0.011575 14.006800 0.088881 0.009480 0.995997 0.000000 0.000000 0.000000 0.000000 1.000000
0.995752 -0.018707 -0.090150 -0.000000 0.018381 0.999821 -0.004439 14.006800 0.090217 0.002763 0.995918 -0.000000 0.000000 0.000000 0.000000 1.000000
0.995795 -0.013653 -0.090583 0.000000 0.014098 0.999891 0.004273 14.006800 0.090515 -0.005532 0.995880 -0.000000 0.000000 0.000000 0.000000 1.000000
0.996005 -0.016922 -0.087680 0.000000 0.018071 0.999761 0.012334 14.006800 0.087450 -0.013869 0.996072 0.000000 0.000000 0.000000 0.000000 1.000000
0.996355 -0.020154 -0.082893 0.000000 0.021833 0.999573 0.019401 14.006800 0.082467 -0.021140 0.996370 0.000000 0.000000 0.000000 0.000000 1.000000
0.996660 -0.028044 -0.076699 0.000000 0.029683 0.999353 0.020323 14.006800 0.076079 -0.022531 0.996847 0.000000 0.000000 0.000000 0.000000 1.000000
0.996773 -0.037023 -0.071219 0.000000 0.038270 0.999136 0.016234 14.006800 0.070556 -0.018907 0.997329 -0.000000 0.000000 0.000000 0.000000 1.000000
0.997209 -0.040051 -0.063015 -0.000000 0.041133 0.999026 0.015972 14.006800 0.062314 -0.018519 0.997885 0.000000 0.000000 0.000000 0.000000 1.000000
0.998291 -0.033424 -0.047940 -0.000000 0.034259 0.999273 0.016705 14.006800 0.047347 -0.018318 0.998711 -0.000000 0.000000 0.000000 0.000000 1.000000</float_array>
        <technique_common>
          <accessor source="#mixamorig_Spine2-Matrix-animation-output-transform-array" count="30" stride="16">
            <param type="float4x4"/>
          </accessor>
        </technique_common>
      </source>
      <source id="mixamorig_Spine2-Interpolations">
        <Name_array id="mixamorig_Spine2-Interpolations-array" count="30">
 LINEAR LINEAR LINEAR LINEAR LINEAR LINEAR LINEAR LINEAR LINEAR LINEAR LINEAR
LINEAR LINEAR LINEAR LINEAR LINEAR LINEAR LINEAR LINEAR LINEAR LINEAR LINEAR LINEAR
LINEAR LINEAR LINEAR LINEAR LINEAR LINEAR LINEAR</Name_array>
        <technique_common>
          <accessor source="#mixamorig_Spine2-Interpolations-array" count="30">
            <param type="name"/>
          </accessor>
        </technique_common>
      </source>
      <sampler id="mixamorig_Spine2-Matrix-animation-transform">
        <input semantic="INPUT" source="#mixamorig_Spine2-Matrix-animation-input"/>
        <input semantic="OUTPUT" source="#mixamorig_Spine2-Matrix-animation-output-transform"/>
        <input semantic="INTERPOLATION" source="#mixamorig_Spine2-Interpolations"/>
      </sampler>
      <channel source="#mixamorig_Spine2-Matrix-animation-transform" target="mixamorig_Spine2/matrix"/>
    </animation>
    <animation id="mixamorig_Neck-anim" name="mixamorig_Neck">
      <source id="mixamorig_Neck-Matrix-animation-input">
        <float_array id="mixamorig_Neck-Matrix-animation-input-array" count="30">

0.000000 0.033333 0.066667 0.100000 0.133333 0.166667 0.200000 0.233333 0.266667 0.300000 0.333333 0.366667 0.400000 0.433333 0.466667 0.500000
0.533333 0.566667 0.600000 0.633333 0.666667 0.700000 0.733333 0.766667 0.800000 0.833333 0.866667 0.900000 0.933333 0.966667</float_array>
        <technique_common>
          <accessor source="#mixamorig_Neck-Matrix-animation-input-array" count="30">
            <param name="TIME" type="float"/>
          </accessor>
        </technique_common>
      </source>
      <source id="mixamorig_Neck-Matrix-animation-output-transform">
        <float_array id="mixamorig_Neck-Matrix-animation-output-transform-array" count="480">

0.998302 0.055457 -0.017823 0.027800 -0.057519 0.986845 -0.151091 18.914400 0.009210 0.151860 0.988359 -0.032000 0.000000 0.000000 0.000000 1.000000
0.998476 0.051085 -0.020878 0.027800 -0.053757 0.985876 -0.158613 18.914400 0.012481 0.159493 0.987120 -0.032000 0.000000 0.000000 0.000000 1.000000
0.998160 0.057341 -0.019731 0.027800 -0.059715 0.986067 -0.155261 18.914400 0.010553 0.156153 0.987676 -0.032000 0.000000 0.000000 0.000000 1.000000
0.997806 0.064298 -0.015776 0.027800 -0.065933 0.986661 -0.148842 18.914400 0.005995 0.149555 0.988735 -0.032000 0.000000 0.000000 0.000000 1.000000
0.996935 0.077685 -0.009247 0.027800 -0.078217 0.987296 -0.138307 18.914400 -0.001615 0.138606 0.990346 -0.032000 0.000000 0.000000 0.000000 1.000000
0.996126 0.087854 -0.003916 0.027800 -0.087638 0.988024 -0.127000 18.914400 -0.007289 0.126851 0.991895 -0.032000 0.000000 0.000000 0.000000 1.000000
0.995845 0.091046 -0.001835 0.027800 -0.090605 0.988603 -0.120227 18.914400 -0.009132 0.119894 0.992745 -0.032000 0.000000 0.000000 0.000000 1.000000
0.995939 0.090018 -0.001459 0.027800 -0.089534 0.988623 -0.120861 18.914400 -0.009437 0.120501 0.992668 -0.032000 0.000000 0.000000 0.000000 1.000000
0.996360 0.085199 -0.002719 0.027800 -0.084853 0.988260 -0.127053 18.914400 -0.008137 0.126821 0.991892 -0.032000 0.000000 0.000000 0.000000 1.000000
0.996820 0.079569 -0.004361 0.027800 -0.079450 0.988112 -0.131617 18.914400 -0.006164 0.131544 0.991291 -0.032000 0.000000 0.000000 0.000000 1.000000
0.996912 0.078411 -0.004345 0.027800 -0.078295 0.988113 -0.132298 18.914400 -0.006080 0.132230 0.991200 -0.032000 0.000000 0.000000 0.000000 1.000000
0.996449 0.084183 -0.001396 0.027800 -0.083670 0.988258 -0.127846 18.914400 -0.009383 0.127508 0.991793 -0.032000 0.000000 0.000000 0.000000 1.000000
0.995790 0.091649 0.001920 0.027800 -0.090740 0.988452 -0.121359 18.914400 -0.013020 0.120674 0.992607 -0.032000 0.000000 0.000000 0.000000 1.000000
0.995250 0.097224 0.005070 0.027800 -0.095885 0.987899 -0.121906 18.914400 -0.016861 0.120840 0.992529 -0.032000 0.000000 0.000000 0.000000 1.000000
0.995071 0.098744 0.009151 0.027800 -0.096772 0.987055 -0.127895 18.914400 -0.021662 0.126379 0.991745 -0.032000 0.000000 0.000000 0.000000 1.000000
0.995238 0.096661 0.012538 0.027800 -0.094023 0.985968 -0.137936 18.914400 -0.025695 0.136100 0.990362 -0.032000 0.000000 0.000000 0.000000 1.000000
0.995557 0.093089 0.014181 0.027800 -0.090057 0.985271 -0.145365 18.914400 -0.027504 0.143442 0.989276 -0.032000 0.000000 0.000000 0.000000 1.000000
0.996383 0.084084 0.012245 0.027800 -0.081411 0.985948 -0.145875 18.914400 -0.024339 0.144350 0.989227 -0.032000 0.000000 0.000000 0.000000 1.000000
0.997010 0.076695 0.009449 0.027800 -0.074657 0.987557 -0.138413 18.914400 -0.019947 0.137294 0.990329 -0.032000 0.000000 0.000000 0.000000 1.000000
0.997385 0.071932 0.006925 0.027800 -0.070503 0.989624 -0.125193 18.914400 -0.015858 0.124377 0.992108 -0.032000 0.000000 0.000000 0.000000 1.000000
0.997651 0.068325 0.004846 0.027800 -0.067327 0.991181 -0.114140 18.914400 -0.012602 0.113546 0.993453 -0.032000 0.000000 0.000000 0.000000 1.000000
0.997744 0.067074 0.002892 0.027800 -0.066304 0.991222 -0.114384 18.914400 -0.010538 0.113934 0.993432 -0.032000 0.000000 0.000000 0.000000 1.000000
0.997661 0.068323 0.002125 0.027800 -0.067532 0.989972 -0.124079 18.914400 -0.010581 0.123646 0.992270 -0.032000 0.000000 0.000000 0.000000 1.000000
0.997489 0.070753 0.003070 0.027800 -0.069729 0.988787 -0.132056 18.914400 -0.012379 0.131510 0.991238 -0.032000 0.000000 0.000000 0.000000 1.000000
0.997140 0.075474 0.003942 0.027800 -0.074279 0.988306 -0.133170 18.914400 -0.013947 0.132497 0.991085 -0.032000 0.000000 0.000000 0.000000 1.000000
0.997091 0.076144 0.003541 0.027800 -0.074957 0.987873 -0.135975 18.914400 -0.013852 0.135314 0.990706 -0.032000 0.000000 0.000000 0.000000 1.000000
0.997147 0.075461 0.001716 0.027800 -0.074546 0.988109 -0.134478 18.914400 -0.011844 0.133966 0.990915 -0.032000 0.000000 0.000000 0.000000 1.000000
0.997448 0.071359 -0.002300 0.027800 -0.071009 0.988167 -0.135954 18.914400 -0.007428 0.135770 0.990712 -0.032000 0.000000 0.000000 0.000000 1.000000
0.997631 0.068233 -0.008710 0.027800 -0.068779 0.987697 -0.140440 18.914400 -0.000980 0.140707 0.990051 -0.032000 0.000000 0.000000 0.000000 1.000000
0.998302 0.055457 -0.017823 0.027800 -0.057519 0.986845 -0.151091 18.914400 0.009210 0.151860 0.988359 -0.032000 0.000000 0.000000 0.000000 1.000000</float_array>
        <technique_common>
          <accessor source="#mixamorig_Neck-Matrix-animation-output-transform-array" count="30" stride="16">
            <param type="float4x4"/>
          </accessor>
        </technique_common>
      </source>
      <source id="mixamorig_Neck-Interpolations">
        <Name_array id="mixamorig_Neck-Interpolations-array" count="30">
 LINEAR LINEAR LINEAR LINEAR LINEAR LINEAR LINEAR LINEAR LINEAR LINEAR LINEAR
LINEAR LINEAR LINEAR LINEAR LINEAR LINEAR LINEAR LINEAR LINEAR LINEAR LINEAR LINEAR
LINEAR LINEAR LINEAR LINEAR LINEAR LINEAR LINEAR</Name_array>
        <technique_common>
          <accessor source="#mixamorig_Neck-Interpolations-array" count="30">
            <param type="name"/>
          </accessor>
        </technique_common>
      </source>
      <sampler id="mixamorig_Neck-Matrix-animation-transform">
        <input semantic="INPUT" source="#mixamorig_Neck-Matrix-animation-input"/>
        <input semantic="OUTPUT" source="#mixamorig_Neck-Matrix-animation-output-transform"/>
        <input semantic="INTERPOLATION" source="#mixamorig_Neck-Interpolations"/>
      </sampler>
      <channel source="#mixamorig_Neck-Matrix-animation-transform" target="mixamorig_Neck/matrix"/>
    </animation>
    <animation id="mixamorig_Head-anim" name="mixamorig_Head">
      <source id="mixamorig_Head-Matrix-animation-input">
        <float_array id="mixamorig_Head-Matrix-animation-input-array" count="30">

0.000000 0.033333 0.066667 0.100000 0.133333 0.166667 0.200000 0.233333 0.266667 0.300000 0.333333 0.366667 0.400000 0.433333 0.466667 0.500000
0.533333 0.566667 0.600000 0.633333 0.666667 0.700000 0.733333 0.766667 0.800000 0.833333 0.866667 0.900000 0.933333 0.966667</float_array>
        <technique_common>
          <accessor source="#mixamorig_Head-Matrix-animation-input-array" count="30">
            <param name="TIME" type="float"/>
          </accessor>
        </technique_common>
      </source>
      <source id="mixamorig_Head-Matrix-animation-output-transform">
        <float_array id="mixamorig_Head-Matrix-animation-output-transform-array" count="480">

0.997739 -0.005402 -0.066997 -0.001100 0.006991 0.999699 0.023496 9.868400 0.066850 -0.023911 0.997476 4.265200 0.000000 0.000000 0.000000 1.000000
0.997133 -0.014698 -0.074225 -0.001100 0.015232 0.999862 0.006634 9.868400 0.074117 -0.007745 0.997219 4.265200 0.000000 0.000000 0.000000 1.000000
0.996778 -0.016717 -0.078449 -0.001100 0.016540 0.999859 -0.002910 9.868400 0.078486 0.001603 0.996914 4.265200 0.000000 0.000000 0.000000 1.000000
0.997361 -0.013776 -0.071277 -0.001100 0.013481 0.999898 -0.004614 9.868400 0.071334 0.003641 0.997446 4.265200 0.000000 0.000000 0.000000 1.000000
0.997983 -0.007778 -0.062996 -0.001100 0.007746 0.999970 -0.000751 9.868400 0.063000 0.000262 0.998014 4.265200 0.000000 0.000000 0.000000 1.000000
0.998450 -0.001014 -0.055649 -0.001100 0.001473 0.999965 0.008198 9.868400 0.055639 -0.008268 0.998417 4.265200 0.000000 0.000000 0.000000 1.000000
0.998653 0.008668 -0.051160 -0.001100 -0.007715 0.999793 0.018810 9.868400 0.051313 -0.018390 0.998513 4.265200 0.000000 0.000000 0.000000 1.000000
0.998745 0.018962 -0.046357 -0.001100 -0.018217 0.999699 0.016442 9.868400 0.046655 -0.015577 0.998790 4.265200 0.000000 0.000000 0.000000 1.000000
0.998765 0.025933 -0.042384 -0.001100 -0.025758 0.999657 0.004687 9.868400 0.042491 -0.003589 0.999090 4.265200 0.000000 0.000000 0.000000 1.000000
0.998939 0.022368 -0.040254 -0.001100 -0.022763 0.999697 -0.009375 9.868400 0.040032 0.010281 0.999146 4.265200 0.000000 0.000000 0.000000 1.000000
0.999106 0.017086 -0.038668 -0.001100 -0.017586 0.999766 -0.012608 9.868400 0.038443 0.013277 0.999173 4.265200 0.000000 0.000000 0.000000 1.000000
0.999299 0.010978 -0.035798 -0.001100 -0.010994 0.999940 -0.000265 9.868400 0.035793 0.000658 0.999359 4.265200 0.000000 0.000000 0.000000 1.000000
0.999393 0.004343 -0.034556 -0.001100 -0.003813 0.999875 0.015376 9.868400 0.034618 -0.015235 0.999284 4.265200 0.000000 0.000000 0.000000 1.000000
0.999565 0.005218 -0.029040 -0.001100 -0.004422 0.999614 0.027420 9.868400 0.029172 -0.027280 0.999202 4.265200 0.000000 0.000000 0.000000 1.000000
0.999840 0.014446 -0.010534 -0.001100 -0.014092 0.999357 0.032967 9.868400 0.011004 -0.032813 0.999401 4.265200 0.000000 0.000000 0.000000 1.000000
0.999685 0.022379 0.011401 -0.001100 -0.022738 0.999216 0.032394 9.868400 -0.010667 -0.032643 0.999410 4.265200 0.000000 0.000000 0.000000 1.000000
0.999347 0.024340 0.026703 -0.001100 -0.025042 0.999341 0.026286 9.868400 -0.026046 -0.026937 0.999298 4.265200 0.000000 0.000000 0.000000 1.000000
0.999236 0.022042 0.032273 -0.001100 -0.022816 0.999456 0.023825 9.868400 -0.031730 -0.024543 0.999195 4.265200 0.000000 0.000000 0.000000 1.000000
0.999407 0.017363 0.029741 -0.001100 -0.018162 0.999476 0.026788 9.868400 -0.029261 -0.027312 0.999199 4.265200 0.000000 0.000000 0.000000 1.000000
0.999616 0.014396 0.023694 -0.001100 -0.015265 0.999203 0.036884 9.868400 -0.023144 -0.037232 0.999039 4.265200 0.000000 0.000000 0.000000 1.000000
0.999763 0.011704 0.018369 -0.001100 -0.012483 0.999001 0.042898 9.868400 -0.017848 -0.043117 0.998911 4.265200 0.000000 0.000000 0.000000 1.000000
0.999917 0.006938 0.010828 -0.001100 -0.007361 0.999191 0.039528 9.868400 -0.010545 -0.039604 0.999160 4.265200 0.000000 0.000000 0.000000 1.000000
0.999978 0.003281 0.005840 -0.001100 -0.003452 0.999561 0.029418 9.868400 -0.005740 -0.029438 0.999550 4.265200 0.000000 0.000000 0.000000 1.000000
0.999973 0.001334 0.007247 -0.001100 -0.001429 0.999912 0.013168 9.868400 -0.007229 -0.013178 0.999887 4.265200 0.000000 0.000000 0.000000 1.000000
0.999971 0.005869 0.004864 -0.001100 -0.005863 0.999982 -0.001285 9.868400 -0.004871 0.001256 0.999987 4.265200 0.000000 0.000000 0.000000 1.000000
0.999857 0.016572 0.003437 -0.001100 -0.016579 0.999861 0.001981 9.868400 -0.003404 -0.002038 0.999992 4.265200 0.000000 0.000000 0.000000 1.000000
0.999717 0.023529 -0.003611 -0.001100 -0.023483 0.999649 0.012286 9.868400 0.003899 -0.012197 0.999918 4.265200 0.000000 0.000000 0.000000 1.000000
0.999628 0.021981 -0.016146 -0.001100 -0.021667 0.999577 0.019388 9.868400 0.016565 -0.019031 0.999682 4.265200 0.000000 0.000000 0.000000 1.000000
0.999041 0.008367 -0.042982 -0.001100 -0.007396 0.999715 0.022699 9.868400 0.043160 -0.022360 0.998818 4.265200 0.000000 0.000000 0.000000 1.000000
0.997739 -0.005402 -0.066997 -0.001100 0.006991 0.999699 0.023496 9.868400 0.066850 -0.023911 0.997476 4.265200 0.000000 0.000000 0.000000 1.000000</float_array>
        <technique_common>
          <accessor source="#mixamorig_Head-Matrix-animation-output-transform-array" count="30" stride="16">
            <param type="float4x4"/>
          </accessor>
        </technique_common>
      </source>
      <source id="mixamorig_Head-Interpolations">
        <Name_array id="mixamorig_Head-Interpolations-array" count="30">
 LINEAR LINEAR LINEAR LINEAR LINEAR LINEAR LINEAR LINEAR LINEAR LINEAR LINEAR
LINEAR LINEAR LINEAR LINEAR LINEAR LINEAR LINEAR LINEAR LINEAR LINEAR LINEAR LINEAR
LINEAR LINEAR LINEAR LINEAR LINEAR LINEAR LINEAR</Name_array>
        <technique_common>
          <accessor source="#mixamorig_Head-Interpolations-array" count="30">
            <param type="name"/>
          </accessor>
        </technique_common>
      </source>
      <sampler id="mixamorig_Head-Matrix-animation-transform">
        <input semantic="INPUT" source="#mixamorig_Head-Matrix-animation-input"/>
        <input semantic="OUTPUT" source="#mixamorig_Head-Matrix-animation-output-transform"/>
